<DATE>,<TIME>,<OPEN>,<HIGH>,<LOW>,<CLOSE>,<VOL>
200103,000000,940.6000000,947.4000000,938.4000000,945.8000000,571782
200106,000000,945.0000000,945.6000000,923.2000000,929.0000000,737166
200108,000000,925.0000000,931.6000000,918.0000000,927.2000000,674513
200109,000000,927.0000000,937.0000000,927.0000000,928.2000000,1025618
200110,000000,932.0000000,937.4000000,928.4000000,937.4000000,461332
200113,000000,942.0000000,960.2000000,936.0000000,960.2000000,1324147
200114,000000,960.2000000,976.2000000,959.2000000,967.8000000,1739800
200115,000000,967.0000000,967.6000000,950.0000000,960.2000000,1423308
200116,000000,962.0000000,971.0000000,960.2000000,963.4000000,770934
200117,000000,964.8000000,978.0000000,961.0000000,977.2000000,1177289
200120,000000,979.0000000,1000.0000000,960.0000000,990.6000000,1248372
200121,000000,990.0000000,990.0000000,971.4000000,978.6000000,1110776
200122,000000,978.6000000,986.2000000,956.4000000,959.2000000,1197304
200123,000000,954.0000000,968.4000000,946.0000000,962.0000000,986630
200124,000000,964.4000000,973.0000000,955.8000000,956.2000000,534118
200127,000000,948.2000000,953.0000000,925.4000000,930.0000000,1292674
200128,000000,933.8000000,942.6000000,923.6000000,938.6000000,728600
200129,000000,945.0000000,947.6000000,933.6000000,941.2000000,628124
200130,000000,935.8000000,942.4000000,928.4000000,931.0000000,724703
200131,000000,940.0000000,941.2000000,911.4000000,911.4000000,1809154
200203,000000,909.6000000,918.2000000,904.2000000,904.2000000,1984283
200204,000000,908.2000000,924.8000000,908.0000000,912.4000000,1381123
200205,000000,916.0000000,934.6000000,912.0000000,923.4000000,1165669
200206,000000,927.2000000,934.6000000,918.2000000,925.0000000,1017521
200207,000000,927.0000000,935.4000000,920.0000000,935.4000000,904976
200210,000000,934.4000000,937.0000000,919.2000000,922.0000000,846016
200211,000000,926.8000000,932.4000000,923.0000000,923.4000000,955644
200212,000000,926.0000000,943.0000000,920.2000000,938.0000000,1336279
200213,000000,935.0000000,936.0000000,926.0000000,926.0000000,621619
200214,000000,929.8000000,933.2000000,921.4000000,928.0000000,507660
200217,000000,930.0000000,933.6000000,922.2000000,924.6000000,514272
200218,000000,922.8000000,924.4000000,913.2000000,914.6000000,834090
200219,000000,917.2000000,920.4000000,908.4000000,914.0000000,1104028
200220,000000,914.6000000,927.6000000,911.4000000,915.8000000,1259609
200221,000000,912.8000000,915.0000000,908.0000000,908.0000000,1180596
200225,000000,899.0000000,909.6000000,890.0000000,890.0000000,1656071
200226,000000,888.8000000,896.8000000,881.0000000,886.4000000,1848279
200227,000000,883.2000000,892.0000000,865.4000000,865.4000000,2320032
200228,000000,848.2000000,855.6000000,807.4000000,814.6000000,3881413
200302,000000,832.2000000,846.8000000,799.4000000,810.6000000,2444357
200303,000000,830.0000000,834.8000000,817.4000000,820.4000000,1955684
200304,000000,818.6000000,834.6000000,812.0000000,827.0000000,1263704
200305,000000,836.2000000,839.8000000,823.4000000,830.0000000,1702691
200306,000000,819.0000000,826.2000000,792.6000000,808.6000000,2150230
200310,000000,772.2000000,856.6000000,770.0000000,829.0000000,4343401
200311,000000,844.4000000,848.8000000,814.4000000,824.0000000,2470344
200312,000000,804.0000000,805.0000000,771.6000000,776.8000000,3265617
200313,000000,775.2000000,825.0000000,773.0000000,809.6000000,3031011
200316,000000,820.4000000,827.2000000,770.0000000,818.8000000,2179882
200317,000000,814.2000000,830.6000000,777.0000000,800.4000000,1918609
200318,000000,780.0000000,805.0000000,775.8000000,780.0000000,1904615
200319,000000,780.8000000,820.0000000,762.0000000,812.0000000,2197928
200320,000000,824.8000000,845.8000000,800.4000000,812.6000000,2195085
200323,000000,790.0000000,818.0000000,780.0000000,793.6000000,1424507
200324,000000,814.0000000,849.8000000,809.4000000,843.8000000,1875146
200325,000000,851.2000000,892.0000000,828.0000000,853.4000000,2297785
200326,000000,849.2000000,853.0000000,819.2000000,848.8000000,1330661
200327,000000,841.2000000,847.6000000,819.0000000,825.4000000,1021225
200330,000000,813.8000000,843.6000000,807.2000000,843.6000000,1003313
200331,000000,848.4000000,873.0000000,837.4000000,866.6000000,2173260
200401,000000,851.0000000,863.2000000,845.0000000,848.4000000,1202476
200402,000000,855.2000000,872.0000000,838.0000000,859.6000000,1166362
200403,000000,859.0000000,885.0000000,856.6000000,882.0000000,2013651
200406,000000,887.2000000,898.0000000,876.6000000,892.8000000,1050311
200407,000000,899.8000000,904.0000000,882.4000000,888.0000000,1638442
200408,000000,884.0000000,899.2000000,878.0000000,899.2000000,814115
200409,000000,900.2000000,905.0000000,885.2000000,905.0000000,1320865
200410,000000,903.0000000,903.0000000,892.8000000,900.0000000,307140
200413,000000,899.0000000,900.6000000,881.4000000,882.2000000,511902
200414,000000,890.0000000,901.4000000,887.8000000,899.0000000,953085
200415,000000,895.0000000,896.0000000,853.4000000,861.2000000,1297541
200416,000000,863.0000000,882.2000000,854.0000000,857.4000000,1391727
200417,000000,869.4000000,877.2000000,862.2000000,864.6000000,601314
200420,000000,862.2000000,880.8000000,858.6000000,874.2000000,995440
200421,000000,871.8000000,871.8000000,850.4000000,866.0000000,1412422
200422,000000,865.4000000,879.0000000,861.2000000,868.6000000,1454204
200423,000000,873.6000000,874.6000000,860.0000000,870.0000000,995733
200424,000000,869.4000000,870.8000000,861.0000000,862.4000000,998086
200427,000000,866.8000000,874.8000000,863.2000000,869.0000000,890310
200428,000000,869.0000000,886.0000000,864.2000000,870.0000000,1260038
200429,000000,875.8000000,890.8000000,870.6000000,875.6000000,1196939
200430,000000,880.0000000,892.4000000,870.4000000,889.6000000,1425158
200504,000000,881.0000000,881.2000000,866.0000000,871.0000000,878775
200505,000000,876.2000000,880.8000000,870.4000000,873.2000000,540599
200506,000000,877.2000000,883.4000000,870.0000000,870.6000000,817592
200507,000000,872.8000000,881.6000000,869.2000000,869.2000000,1105964
200508,000000,872.8000000,873.8000000,866.6000000,871.4000000,516150
200512,000000,863.0000000,867.6000000,853.4000000,853.4000000,1364184
200513,000000,852.0000000,853.6000000,838.0000000,838.0000000,989968
200514,000000,837.8000000,841.0000000,818.4000000,823.4000000,1567504
200515,000000,828.6000000,842.6000000,824.2000000,824.2000000,1153729
200518,000000,831.6000000,861.0000000,831.4000000,861.0000000,1124552
200519,000000,861.4000000,868.4000000,855.0000000,862.4000000,1003017
200520,000000,861.2000000,885.2000000,855.0000000,884.4000000,1121892
200521,000000,884.4000000,895.8000000,862.0000000,863.6000000,1392091
200522,000000,857.2000000,875.0000000,854.2000000,872.0000000,1177229
200525,000000,874.0000000,909.0000000,873.0000000,908.0000000,1508252
200526,000000,909.4000000,923.0000000,905.0000000,905.0000000,1991582
200527,000000,911.8000000,923.0000000,906.4000000,919.4000000,1229239
200528,000000,922.2000000,940.0000000,915.4000000,940.0000000,1340639
200529,000000,937.0000000,940.0000000,922.4000000,934.6000000,1983073
200601,000000,940.2000000,946.2000000,928.0000000,939.0000000,963071
200602,000000,938.4000000,948.0000000,937.4000000,945.0000000,988334
200603,000000,950.6000000,954.6000000,941.6000000,954.6000000,1458229
200604,000000,950.8000000,953.2000000,934.4000000,940.6000000,1156830
200605,000000,945.4000000,951.8000000,942.4000000,949.0000000,696456
200608,000000,952.2000000,956.6000000,944.0000000,944.0000000,1138314
200609,000000,946.6000000,954.0000000,938.0000000,948.0000000,1287544
200610,000000,949.0000000,952.8000000,942.6000000,950.4000000,1205084
200611,000000,944.8000000,950.0000000,936.2000000,939.0000000,2364992
200615,000000,885.2000000,892.4000000,876.4000000,879.2000000,2116874
200616,000000,884.8000000,897.0000000,880.0000000,880.0000000,1490933
200617,000000,884.2000000,889.2000000,876.6000000,883.6000000,1300048
200618,000000,884.4000000,884.8000000,869.2000000,874.4000000,1384889
200619,000000,879.4000000,882.6000000,871.6000000,872.2000000,1807317
200622,000000,873.2000000,874.0000000,862.2000000,870.6000000,1162560
200623,000000,870.4000000,878.0000000,868.0000000,872.0000000,753352
200625,000000,866.0000000,867.4000000,856.4000000,861.4000000,1224858
200626,000000,863.4000000,864.8000000,847.2000000,851.6000000,1321799
200629,000000,850.0000000,855.0000000,841.0000000,854.8000000,871282
200630,000000,855.4000000,870.8000000,852.6000000,864.0000000,1291231
200702,000000,868.0000000,874.8000000,863.6000000,869.0000000,653764
200703,000000,868.6000000,887.8000000,866.0000000,884.2000000,896375
200706,000000,892.0000000,906.0000000,890.2000000,901.0000000,1599608
200707,000000,902.4000000,903.6000000,881.4000000,892.2000000,869804
200708,000000,892.2000000,897.4000000,886.0000000,894.0000000,499286
200709,000000,894.0000000,896.8000000,867.8000000,876.2000000,1012496
200710,000000,868.2000000,882.4000000,866.8000000,880.2000000,615531
200713,000000,883.0000000,889.0000000,870.6000000,872.8000000,571640
200714,000000,875.0000000,879.2000000,862.4000000,876.0000000,896282
200715,000000,880.0000000,891.0000000,875.4000000,883.8000000,839250
200716,000000,877.6000000,884.6000000,874.0000000,879.8000000,644067
200717,000000,880.2000000,884.0000000,875.4000000,878.2000000,427054
200720,000000,878.6000000,887.6000000,874.0000000,887.6000000,750426
200721,000000,890.4000000,902.4000000,890.4000000,894.2000000,1074955
200722,000000,896.0000000,899.6000000,886.6000000,896.6000000,886166
200723,000000,899.8000000,901.6000000,889.0000000,889.6000000,896868
200724,000000,889.6000000,897.0000000,885.2000000,894.2000000,611121
200727,000000,894.8000000,912.6000000,893.8000000,909.6000000,897730
200728,000000,912.2000000,925.2000000,911.6000000,919.2000000,1171952
200729,000000,921.8000000,928.6000000,915.6000000,925.4000000,869730
200730,000000,925.4000000,925.6000000,896.0000000,908.4000000,1280365
200731,000000,911.4000000,920.0000000,904.0000000,912.6000000,990108
200803,000000,913.0000000,920.0000000,910.0000000,916.8000000,672093
200804,000000,920.6000000,935.0000000,918.0000000,934.6000000,1192097
200805,000000,935.0000000,942.0000000,929.4000000,940.6000000,1144306
200806,000000,941.0000000,946.0000000,933.6000000,939.8000000,706132
200807,000000,937.6000000,940.0000000,912.4000000,924.8000000,1189821
200810,000000,926.0000000,934.0000000,925.2000000,933.2000000,629321
200811,000000,934.2000000,952.0000000,933.2000000,944.4000000,1728589
200812,000000,942.2000000,978.0000000,941.8000000,973.6000000,1697250
200813,000000,974.0000000,976.6000000,962.8000000,970.0000000,1112247
200814,000000,972.0000000,974.0000000,956.2000000,965.6000000,795978
200817,000000,969.8000000,974.0000000,957.2000000,968.4000000,794395
200818,000000,965.8000000,971.0000000,959.4000000,960.8000000,936158
200819,000000,962.8000000,974.0000000,956.6000000,966.0000000,745336
200820,000000,963.6000000,968.4000000,951.8000000,957.8000000,827481
200821,000000,959.0000000,963.8000000,946.6000000,960.2000000,763812
200824,000000,964.6000000,969.0000000,961.2000000,962.6000000,522567
200825,000000,966.6000000,968.8000000,955.8000000,962.8000000,721601
200826,000000,963.8000000,965.0000000,956.2000000,962.4000000,637743
200827,000000,962.8000000,964.8000000,948.6000000,952.2000000,789027
200828,000000,953.0000000,953.4000000,941.0000000,943.6000000,550327
200831,000000,945.2000000,952.2000000,929.2000000,931.0000000,1371331
200901,000000,932.2000000,947.6000000,919.6000000,946.4000000,1332080
200902,000000,948.0000000,959.4000000,941.0000000,951.0000000,1350493
200903,000000,950.0000000,957.0000000,942.0000000,943.6000000,1128040
200904,000000,942.6000000,949.2000000,932.4000000,947.4000000,1252639
200907,000000,931.0000000,933.0000000,925.6000000,929.6000000,918542
200908,000000,930.0000000,936.8000000,926.0000000,928.6000000,1360621
200909,000000,928.0000000,947.4000000,927.0000000,943.6000000,1605023
200910,000000,947.2000000,975.2000000,939.8000000,966.0000000,2036823
200911,000000,970.4000000,973.0000000,964.2000000,968.0000000,1030285
200914,000000,974.0000000,990.4000000,971.0000000,987.4000000,1159500
200915,000000,989.0000000,998.0000000,986.0000000,997.0000000,1319990
200916,000000,996.6000000,998.2000000,977.0000000,987.2000000,1288269
200917,000000,983.4000000,994.6000000,980.8000000,989.8000000,783658
200918,000000,991.6000000,991.8000000,973.4000000,976.0000000,1056283
200921,000000,976.8000000,978.2000000,960.0000000,972.2000000,949898
200922,000000,968.0000000,981.6000000,966.6000000,976.2000000,878781
200923,000000,978.8000000,983.6000000,967.2000000,968.0000000,1261875
200924,000000,974.8000000,979.0000000,962.2000000,975.0000000,797243
200925,000000,973.8000000,987.0000000,967.8000000,984.6000000,701011
200928,000000,986.6000000,995.2000000,975.6000000,983.0000000,883041
200929,000000,984.0000000,1013.8000000,981.2000000,1008.0000000,1686499
200930,000000,1009.0000000,1010.6000000,988.4000000,992.0000000,851431
201001,000000,997.8000000,1003.4000000,986.8000000,996.6000000,581394
201002,000000,993.6000000,1005.6000000,988.0000000,1001.6000000,515976
201005,000000,1003.8000000,1012.0000000,997.6000000,1005.4000000,866938
201006,000000,1007.0000000,1008.2000000,992.4000000,998.8000000,743660
201007,000000,997.8000000,1003.6000000,990.2000000,994.8000000,784561
201008,000000,993.2000000,1007.8000000,993.2000000,1000.2000000,705195
201009,000000,1001.2000000,1007.0000000,995.4000000,999.6000000,458045
201012,000000,1001.0000000,1012.0000000,998.2000000,1010.0000000,572656
201013,000000,1008.4000000,1016.2000000,989.2000000,993.0000000,731334
201014,000000,992.0000000,1007.6000000,985.6000000,1005.0000000,671787
201015,000000,1004.4000000,1006.4000000,997.0000000,1001.8000000,551141
201016,000000,1001.8000000,1006.8000000,992.6000000,995.2000000,609104
201019,000000,999.6000000,1000.8000000,982.0000000,988.0000000,459247
201020,000000,988.6000000,1008.8000000,988.0000000,1005.8000000,655765
201021,000000,1007.8000000,1017.6000000,1002.0000000,1009.2000000,659366
201022,000000,1015.4000000,1062.6000000,1014.8000000,1061.8000000,2209290
201023,000000,1061.4000000,1070.0000000,1052.2000000,1067.0000000,1061337
201026,000000,1063.8000000,1071.6000000,1042.0000000,1063.0000000,765897
201027,000000,1065.0000000,1081.0000000,1059.6000000,1062.8000000,1352289
201028,000000,1059.0000000,1061.0000000,1035.0000000,1040.2000000,1446906
201029,000000,1045.0000000,1060.8000000,1039.0000000,1056.0000000,896040
201030,000000,1050.6000000,1092.2000000,1038.0000000,1085.0000000,1484791
201102,000000,1085.2000000,1099.8000000,1067.0000000,1093.0000000,925372
201103,000000,1099.8000000,1113.8000000,1087.4000000,1107.2000000,930179
201105,000000,1117.0000000,1124.8000000,1066.8000000,1081.0000000,2471273
201106,000000,1075.0000000,1095.6000000,1065.4000000,1090.8000000,1302384
201109,000000,1096.6000000,1106.8000000,1083.0000000,1098.0000000,1585653
201110,000000,1095.2000000,1099.0000000,1081.6000000,1093.2000000,1247610
201111,000000,1093.0000000,1102.6000000,1087.6000000,1096.4000000,1032650
201112,000000,1095.4000000,1104.8000000,1082.6000000,1091.4000000,1209917
201113,000000,1092.8000000,1110.0000000,1085.0000000,1109.0000000,971925
201116,000000,1114.6000000,1134.8000000,1111.4000000,1132.0000000,1312000
201117,000000,1132.6000000,1134.0000000,1106.0000000,1116.2000000,1217496
201118,000000,1115.4000000,1124.0000000,1107.4000000,1117.8000000,888472
201119,000000,1117.0000000,1121.4000000,1095.4000000,1105.4000000,799518
201120,000000,1097.2000000,1108.0000000,1096.2000000,1107.2000000,410579
201123,000000,1108.0000000,1122.8000000,1107.6000000,1115.0000000,840379
201124,000000,1117.6000000,1144.8000000,1115.4000000,1139.0000000,1238573
201125,000000,1139.8000000,1143.0000000,1121.0000000,1128.0000000,1327694
201126,000000,1126.0000000,1149.2000000,1123.6000000,1147.2000000,1194084
201127,000000,1148.8000000,1154.8000000,1132.8000000,1147.2000000,1053257
201130,000000,1146.0000000,1149.0000000,1119.6000000,1131.8000000,2249601
201201,000000,1136.2000000,1146.8000000,1128.8000000,1144.0000000,974144
201202,000000,1145.0000000,1170.2000000,1142.0000000,1159.4000000,1687704
201203,000000,1164.4000000,1164.4000000,1135.2000000,1146.6000000,1488709
201204,000000,1155.2000000,1190.4000000,1151.8000000,1188.8000000,2285944
201207,000000,1151.0000000,1184.0000000,1148.8000000,1163.0000000,3184372
201208,000000,1162.0000000,1210.0000000,1147.8000000,1165.8000000,3030248
201209,000000,1166.0000000,1185.8000000,1165.0000000,1170.2000000,1320949
201210,000000,1172.4000000,1209.0000000,1172.4000000,1204.0000000,1562004
201211,000000,1201.6000000,1239.2000000,1200.2000000,1224.6000000,1686990
201214,000000,1235.0000000,1294.0000000,1203.4000000,1268.6000000,4105408
201215,000000,1271.6000000,1289.6000000,1251.4000000,1267.0000000,1461939
201216,000000,1265.0000000,1283.0000000,1244.2000000,1269.0000000,1418415
201217,000000,1275.6000000,1279.4000000,1241.8000000,1251.0000000,1566343
201218,000000,1244.0000000,1278.4000000,1217.4000000,1263.6000000,1859147
201221,000000,1254.0000000,1278.0000000,1218.6000000,1252.0000000,1903975
201222,000000,1247.6000000,1295.6000000,1244.0000000,1286.2000000,1299332
201223,000000,1292.0000000,1302.4000000,1280.0000000,1298.0000000,856907
201224,000000,1296.0000000,1327.4000000,1289.4000000,1321.2000000,891391
201225,000000,1326.0000000,1378.6000000,1324.6000000,1363.4000000,1327749
201228,000000,1356.4000000,1378.2000000,1345.6000000,1374.4000000,1325103
201229,000000,1375.2000000,1392.6000000,1310.2000000,1337.8000000,2332775
201230,000000,1335.2000000,1349.4000000,1312.2000000,1323.2000000,1387797
210104,000000,1324.0000000,1364.0000000,1324.0000000,1343.2000000,998976
210105,000000,1343.0000000,1344.6000000,1298.6000000,1334.2000000,2043498
210106,000000,1334.0000000,1340.6000000,1317.8000000,1326.4000000,840253
210108,000000,1333.8000000,1384.8000000,1332.8000000,1369.2000000,1689940
210111,000000,1372.0000000,1384.6000000,1324.4000000,1351.2000000,1416983
210112,000000,1346.0000000,1361.6000000,1318.0000000,1332.8000000,1343201
210113,000000,1332.0000000,1343.8000000,1303.0000000,1315.6000000,1473158
210114,000000,1306.0000000,1382.8000000,1286.6000000,1367.6000000,2844321
210115,000000,1366.0000000,1394.4000000,1340.4000000,1344.8000000,1742218
210118,000000,1350.2000000,1361.4000000,1313.0000000,1347.8000000,1698688
210119,000000,1358.4000000,1365.2000000,1335.2000000,1340.4000000,998178
210120,000000,1342.0000000,1352.6000000,1333.0000000,1340.0000000,1047963
210121,000000,1346.0000000,1354.0000000,1323.6000000,1344.4000000,1320830
210122,000000,1336.0000000,1341.8000000,1304.0000000,1320.4000000,1545744
210125,000000,1328.0000000,1337.0000000,1290.8000000,1313.0000000,1655733
210126,000000,1309.0000000,1327.2000000,1295.0000000,1316.2000000,928681
210127,000000,1322.0000000,1333.4000000,1273.2000000,1280.6000000,2019199
210128,000000,1274.2000000,1288.8000000,1263.2000000,1279.6000000,1423121
210129,000000,1274.6000000,1281.8000000,1252.6000000,1262.8000000,1901456
210201,000000,1271.0000000,1285.0000000,1263.8000000,1278.4000000,1246941
210202,000000,1287.6000000,1299.4000000,1280.2000000,1287.0000000,1069571
210203,000000,1292.0000000,1298.6000000,1272.8000000,1284.0000000,822119
210204,000000,1287.4000000,1313.0000000,1283.6000000,1299.6000000,1785905
210205,000000,1303.2000000,1308.0000000,1277.0000000,1287.0000000,1157717
210208,000000,1288.8000000,1306.4000000,1285.0000000,1296.4000000,1296698
210209,000000,1301.2000000,1304.0000000,1281.6000000,1287.6000000,785471
210210,000000,1288.8000000,1295.6000000,1275.0000000,1283.0000000,823336
210211,000000,1280.8000000,1284.8000000,1273.4000000,1277.2000000,527035
210212,000000,1279.0000000,1289.8000000,1247.6000000,1287.2000000,982422
210215,000000,1289.4000000,1299.2000000,1277.0000000,1287.8000000,873098
210216,000000,1290.0000000,1303.0000000,1280.4000000,1301.0000000,940494
210217,000000,1301.0000000,1305.0000000,1286.0000000,1293.0000000,945778
210218,000000,1291.8000000,1294.6000000,1275.0000000,1280.8000000,961897
210219,000000,1280.4000000,1319.4000000,1271.0000000,1308.4000000,984455
210220,000000,1311.8000000,1320.0000000,1299.0000000,1311.8000000,234784
210222,000000,1315.4000000,1345.6000000,1303.8000000,1334.6000000,1558182
210224,000000,1324.4000000,1330.0000000,1292.4000000,1304.4000000,1286159
210225,000000,1306.6000000,1363.4000000,1305.8000000,1341.0000000,2354570
210226,000000,1332.0000000,1368.2000000,1325.8000000,1343.6000000,2503752
210301,000000,1350.2000000,1374.4000000,1328.6000000,1366.8000000,1241197
210302,000000,1364.6000000,1380.0000000,1351.2000000,1360.0000000,1110476
210303,000000,1360.0000000,1381.0000000,1360.0000000,1375.4000000,1508581
210304,000000,1377.4000000,1380.2000000,1327.2000000,1333.0000000,1373913
210305,000000,1340.2000000,1341.2000000,1321.6000000,1339.0000000,1103678
210309,000000,1345.0000000,1350.6000000,1286.6000000,1315.6000000,2106091
210310,000000,1310.0000000,1340.0000000,1301.4000000,1334.4000000,1422936
210311,000000,1344.6000000,1366.8000000,1339.8000000,1361.0000000,1271887
210312,000000,1368.8000000,1414.4000000,1350.0000000,1408.0000000,1892421
210315,000000,1400.0000000,1450.8000000,1398.0000000,1436.2000000,1684398
210316,000000,1442.2000000,1445.6000000,1410.0000000,1435.2000000,1275397
210317,000000,1435.0000000,1440.6000000,1414.4000000,1417.0000000,1061568
210318,000000,1420.6000000,1440.6000000,1406.2000000,1411.4000000,999551
210319,000000,1417.2000000,1441.8000000,1407.2000000,1422.6000000,1889955
210322,000000,1422.8000000,1423.8000000,1403.6000000,1411.8000000,743065
210323,000000,1411.8000000,1415.0000000,1371.6000000,1378.6000000,1320647
210324,000000,1385.0000000,1413.6000000,1362.4000000,1397.6000000,1128098
210325,000000,1403.2000000,1420.6000000,1375.0000000,1396.6000000,1882845
210326,000000,1399.4000000,1429.0000000,1398.2000000,1426.2000000,1754671
210329,000000,1422.4000000,1451.8000000,1413.2000000,1441.2000000,2359038
210330,000000,1452.4000000,1486.2000000,1450.0000000,1480.6000000,1564842
210331,000000,1481.4000000,1553.2000000,1477.2000000,1534.6000000,2298129
210401,000000,1541.0000000,1560.0000000,1492.4000000,1509.2000000,2177797
210402,000000,1509.2000000,1531.4000000,1503.0000000,1528.2000000,537746
210405,000000,1529.0000000,1529.8000000,1497.2000000,1507.8000000,767701
210406,000000,1511.2000000,1527.8000000,1493.0000000,1503.0000000,1478043
210407,000000,1489.8000000,1533.0000000,1467.2000000,1521.8000000,2234334
210408,000000,1535.0000000,1556.2000000,1521.2000000,1553.0000000,1260200
210409,000000,1555.0000000,1558.0000000,1525.2000000,1537.8000000,830945
210412,000000,1536.8000000,1610.0000000,1530.8000000,1607.8000000,1593672
210413,000000,1609.0000000,1650.0000000,1605.0000000,1632.2000000,2216428
210414,000000,1642.0000000,1647.6000000,1596.8000000,1611.8000000,1327801
210415,000000,1600.0000000,1671.0000000,1592.6000000,1668.6000000,1404608
210416,000000,1677.8000000,1769.4000000,1671.2000000,1768.8000000,2482071
210419,000000,1774.8000000,1819.0000000,1722.0000000,1735.6000000,3575939
210420,000000,1745.0000000,1776.0000000,1731.4000000,1749.0000000,1773488
210421,000000,1758.4000000,1828.6000000,1752.2000000,1827.8000000,2570304
210422,000000,1830.2000000,1911.2000000,1802.4000000,1874.8000000,3602442
210423,000000,1871.6000000,1889.6000000,1852.8000000,1881.2000000,1632724
210426,000000,1877.6000000,1905.0000000,1855.0000000,1876.0000000,2059369
210427,000000,1875.0000000,1877.6000000,1779.6000000,1811.8000000,3731529
210428,000000,1805.4000000,1836.8000000,1769.0000000,1795.2000000,2220670
210429,000000,1803.2000000,1817.2000000,1787.4000000,1811.6000000,801571
210430,000000,1807.6000000,1809.8000000,1757.6000000,1774.0000000,1458512
210504,000000,1777.4000000,1792.4000000,1730.2000000,1757.8000000,1663216
210505,000000,1757.8000000,1760.0000000,1700.4000000,1752.2000000,1967127
210506,000000,1757.4000000,1769.4000000,1722.6000000,1760.0000000,1768284
210507,000000,1760.0000000,1837.0000000,1759.4000000,1835.6000000,2387306
210510,000000,1836.6000000,1864.0000000,1822.0000000,1831.2000000,1299880
210511,000000,1826.2000000,1845.6000000,1803.6000000,1827.8000000,1163650
210512,000000,1826.0000000,1847.0000000,1813.8000000,1819.2000000,856937
210513,000000,1827.0000000,1827.2000000,1764.2000000,1789.0000000,1774338
210514,000000,1780.0000000,1789.8000000,1751.2000000,1780.0000000,1156133
210517,000000,1779.8000000,1791.8000000,1753.0000000,1772.8000000,754459
210518,000000,1780.6000000,1815.8000000,1762.2000000,1783.8000000,1719032
210519,000000,1783.8000000,1787.8000000,1752.8000000,1767.8000000,1471181
210520,000000,1766.4000000,1824.6000000,1762.0000000,1813.0000000,1944737
210521,000000,1822.0000000,1822.0000000,1770.2000000,1783.4000000,1342248
210524,000000,1779.2000000,1787.2000000,1765.6000000,1784.0000000,664931
210525,000000,1780.2000000,1800.0000000,1768.6000000,1789.0000000,876530
210526,000000,1786.0000000,1796.0000000,1731.4000000,1754.4000000,2055755
210527,000000,1755.2000000,1778.6000000,1734.4000000,1756.2000000,2544566
210528,000000,1751.6000000,1775.0000000,1739.0000000,1758.2000000,2276903
210531,000000,1680.0000000,1696.8000000,1652.0000000,1686.0000000,2214874
210601,000000,1686.0000000,1697.6000000,1675.8000000,1695.2000000,1344898
210602,000000,1700.8000000,1705.0000000,1662.6000000,1681.6000000,1642169
210603,000000,1683.2000000,1692.6000000,1654.4000000,1663.6000000,1539780
210604,000000,1662.8000000,1671.0000000,1605.2000000,1646.6000000,2115831
210607,000000,1645.0000000,1689.2000000,1628.6000000,1685.4000000,1303367
210608,000000,1685.0000000,1704.2000000,1643.0000000,1658.8000000,1890743
210609,000000,1659.0000000,1661.6000000,1634.0000000,1655.0000000,1258292
210610,000000,1653.2000000,1700.0000000,1645.8000000,1691.0000000,2212388
210611,000000,1693.0000000,1750.8000000,1685.0000000,1733.8000000,2247600
210614,000000,1735.0000000,1758.0000000,1708.6000000,1721.2000000,1038351
210615,000000,1715.0000000,1727.8000000,1690.0000000,1695.0000000,1325055
210616,000000,1692.6000000,1694.2000000,1660.2000000,1661.4000000,1341147
210617,000000,1659.6000000,1665.6000000,1627.6000000,1636.6000000,1780981
210618,000000,1632.2000000,1643.2000000,1603.0000000,1620.0000000,2144177
210621,000000,1617.4000000,1619.8000000,1578.8000000,1613.0000000,2337464
210622,000000,1617.0000000,1624.8000000,1586.0000000,1603.0000000,1098646
210623,000000,1603.0000000,1617.2000000,1591.8000000,1600.6000000,894911
210624,000000,1599.8000000,1616.2000000,1484.2000000,1581.6000000,5658596
210625,000000,1573.2000000,1592.6000000,1535.4000000,1566.2000000,3646632
210628,000000,1566.0000000,1597.8000000,1551.6000000,1571.4000000,1919156
210629,000000,1574.4000000,1578.0000000,1531.2000000,1540.6000000,1263262
210630,000000,1543.8000000,1579.6000000,1530.0000000,1577.4000000,1584736
210701,000000,1577.0000000,1593.4000000,1556.2000000,1570.0000000,1012469
210702,000000,1566.0000000,1587.0000000,1561.4000000,1574.0000000,691252
210705,000000,1570.0000000,1573.8000000,1546.6000000,1555.0000000,990258
210706,000000,1559.2000000,1561.4000000,1511.0000000,1528.2000000,1246662
210707,000000,1534.0000000,1590.0000000,1531.6000000,1590.0000000,1464534
210708,000000,1591.8000000,1620.8000000,1552.2000000,1561.0000000,1684613
210709,000000,1559.4000000,1629.4000000,1556.2000000,1624.8000000,1874490
210712,000000,1628.0000000,1640.4000000,1604.0000000,1631.8000000,1333609
210713,000000,1630.0000000,1676.4000000,1620.8000000,1671.0000000,2034712
210714,000000,1671.6000000,1690.0000000,1646.0000000,1652.4000000,1640404
210715,000000,1657.0000000,1684.2000000,1646.4000000,1680.2000000,1471130
210716,000000,1704.0000000,1718.2000000,1642.6000000,1663.6000000,2587061
210719,000000,1661.6000000,1677.8000000,1642.8000000,1673.6000000,1667197
210720,000000,1676.0000000,1724.0000000,1675.8000000,1716.6000000,2815652
210721,000000,1720.0000000,1729.8000000,1704.2000000,1711.8000000,1497989
210722,000000,1717.0000000,1741.8000000,1710.6000000,1739.0000000,1569967
210723,000000,1738.8000000,1753.0000000,1727.6000000,1741.6000000,985182
210726,000000,1729.8000000,1749.2000000,1714.0000000,1748.6000000,1024300
210727,000000,1749.0000000,1789.0000000,1742.8000000,1783.2000000,1939405
210728,000000,1787.4000000,1804.0000000,1770.2000000,1788.0000000,1165760
210729,000000,1797.0000000,1810.4000000,1775.6000000,1795.4000000,1289326
210730,000000,1796.2000000,1808.0000000,1776.2000000,1799.4000000,2527236
210802,000000,1799.8000000,1814.8000000,1781.6000000,1786.0000000,1034221
210803,000000,1785.0000000,1795.0000000,1776.4000000,1792.8000000,757670
210804,000000,1792.8000000,1806.0000000,1782.2000000,1789.6000000,755126
210805,000000,1797.0000000,1799.0000000,1783.0000000,1796.8000000,801745
210806,000000,1800.6000000,1803.6000000,1756.2000000,1759.8000000,1178230
210809,000000,1756.6000000,1757.4000000,1726.8000000,1736.0000000,1695593
210810,000000,1747.0000000,1777.6000000,1734.8000000,1775.0000000,1291016
210811,000000,1777.2000000,1788.2000000,1761.0000000,1767.4000000,764198
210812,000000,1767.0000000,1768.4000000,1737.4000000,1744.2000000,876320
210813,000000,1744.0000000,1755.0000000,1729.0000000,1747.8000000,648750
210816,000000,1745.0000000,1774.2000000,1742.8000000,1761.2000000,759290
210817,000000,1751.0000000,1759.8000000,1738.6000000,1743.2000000,1154972
210818,000000,1744.2000000,1751.2000000,1699.0000000,1707.2000000,1365204
210819,000000,1693.4000000,1699.0000000,1660.4000000,1683.8000000,1691602
210820,000000,1689.0000000,1698.4000000,1653.8000000,1669.0000000,1081873
210823,000000,1674.6000000,1695.0000000,1663.2000000,1690.2000000,1072468
210824,000000,1695.6000000,1705.0000000,1676.4000000,1688.6000000,1430159
210825,000000,1691.0000000,1716.4000000,1683.4000000,1709.2000000,1311107
210826,000000,1709.0000000,1716.4000000,1695.8000000,1698.8000000,1209701
210827,000000,1704.0000000,1734.4000000,1692.2000000,1734.4000000,1559415
210830,000000,1742.0000000,1754.0000000,1734.4000000,1739.4000000,1239040
210831,000000,1746.6000000,1749.2000000,1713.2000000,1722.4000000,2445541
210901,000000,1647.2000000,1668.8000000,1622.6000000,1661.0000000,2945061
210902,000000,1656.2000000,1704.0000000,1643.2000000,1671.8000000,2486076
210903,000000,1671.8000000,1678.2000000,1634.6000000,1648.0000000,2094897
210906,000000,1645.8000000,1671.2000000,1640.0000000,1663.0000000,950751
210907,000000,1668.0000000,1673.6000000,1650.0000000,1662.0000000,720053
210908,000000,1668.4000000,1668.4000000,1654.6000000,1657.4000000,804375
210909,000000,1654.2000000,1655.8000000,1612.6000000,1615.4000000,1725622
210910,000000,1620.4000000,1647.0000000,1606.0000000,1635.0000000,1336208
210913,000000,1638.2000000,1655.2000000,1623.6000000,1648.8000000,1083000
210914,000000,1647.0000000,1647.4000000,1615.2000000,1622.4000000,1436591
210915,000000,1622.4000000,1651.2000000,1598.4000000,1630.8000000,2130004
210916,000000,1624.0000000,1630.0000000,1606.0000000,1609.0000000,1091922
210917,000000,1612.6000000,1613.0000000,1563.8000000,1571.0000000,1886993
210920,000000,1554.2000000,1561.0000000,1505.0000000,1510.2000000,2256318
210921,000000,1522.0000000,1536.4000000,1496.0000000,1521.8000000,2326399
210922,000000,1535.6000000,1581.0000000,1521.8000000,1561.0000000,1821916
210923,000000,1573.0000000,1580.0000000,1536.0000000,1579.4000000,1933065
210924,000000,1579.6000000,1599.8000000,1543.8000000,1563.4000000,1507930
210927,000000,1567.0000000,1590.0000000,1557.0000000,1568.0000000,985672
210928,000000,1570.0000000,1571.8000000,1524.0000000,1533.2000000,1164192
210929,000000,1535.0000000,1554.6000000,1528.0000000,1543.2000000,1147255
210930,000000,1549.8000000,1550.0000000,1510.0000000,1520.0000000,1378802
211001,000000,1515.2000000,1515.6000000,1491.0000000,1504.8000000,1794357
211004,000000,1507.8000000,1507.8000000,1439.0000000,1462.4000000,2209185
211005,000000,1457.2000000,1485.0000000,1430.2000000,1485.0000000,2451626
211006,000000,1475.4000000,1549.8000000,1462.6000000,1538.0000000,2431574
211007,000000,1540.2000000,1575.0000000,1528.2000000,1560.0000000,2254143
211008,000000,1560.0000000,1609.4000000,1541.2000000,1584.2000000,2288997
211011,000000,1591.0000000,1604.0000000,1570.4000000,1595.6000000,1348981
211012,000000,1594.8000000,1599.0000000,1575.2000000,1591.4000000,1239990
211013,000000,1592.8000000,1605.0000000,1572.0000000,1586.6000000,1464373
211014,000000,1595.0000000,1605.0000000,1579.0000000,1595.6000000,1268617
211015,000000,1598.2000000,1599.8000000,1544.0000000,1567.6000000,1866565
211018,000000,1591.0000000,1640.8000000,1576.0000000,1639.6000000,3624140
211019,000000,1646.2000000,1664.8000000,1618.4000000,1652.2000000,2545499
211020,000000,1648.0000000,1650.6000000,1612.4000000,1627.8000000,1635553
211021,000000,1620.0000000,1655.8000000,1614.2000000,1628.0000000,1717197
211022,000000,1625.2000000,1641.6000000,1618.0000000,1621.0000000,1251834
211025,000000,1619.2000000,1644.2000000,1619.2000000,1632.2000000,1141638
211026,000000,1632.0000000,1654.4000000,1625.4000000,1633.4000000,1473929
211027,000000,1630.8000000,1638.0000000,1611.2000000,1630.0000000,972787
211028,000000,1629.0000000,1635.2000000,1596.0000000,1619.4000000,1947452
211029,000000,1616.0000000,1624.6000000,1609.6000000,1614.2000000,1062706
211101,000000,1615.0000000,1664.0000000,1605.6000000,1662.4000000,1194804
211102,000000,1659.8000000,1665.0000000,1639.0000000,1647.4000000,975561
211103,000000,1644.2000000,1657.0000000,1635.2000000,1651.0000000,703410
211105,000000,1651.0000000,1657.0000000,1617.0000000,1632.2000000,993593
211108,000000,1633.0000000,1672.0000000,1633.0000000,1665.8000000,1091971
211109,000000,1663.0000000,1694.6000000,1655.0000000,1674.6000000,1216063
211110,000000,1678.2000000,1682.0000000,1623.0000000,1641.0000000,1223567
211111,000000,1644.8000000,1680.0000000,1632.0000000,1666.0000000,1090196
211112,000000,1662.0000000,1679.0000000,1645.2000000,1676.4000000,1256993
211115,000000,1672.4000000,1690.8000000,1665.0000000,1667.4000000,893562
211116,000000,1674.0000000,1676.6000000,1662.0000000,1669.4000000,707820
211117,000000,1672.8000000,1683.8000000,1668.0000000,1671.4000000,689549
211118,000000,1671.4000000,1709.4000000,1668.2000000,1695.0000000,1266467
211119,000000,1701.0000000,1708.0000000,1655.6000000,1673.8000000,1141277
211122,000000,1670.6000000,1673.0000000,1621.0000000,1663.6000000,1555028
211123,000000,1652.4000000,1677.0000000,1627.4000000,1667.8000000,1969452
211124,000000,1672.0000000,1676.4000000,1650.2000000,1655.2000000,881966
211125,000000,1652.4000000,1666.0000000,1650.0000000,1656.2000000,438487
211126,000000,1647.2000000,1647.2000000,1590.0000000,1592.4000000,1264224
211129,000000,1607.2000000,1638.0000000,1602.0000000,1621.2000000,804901
211130,000000,1607.6000000,1616.8000000,1547.6000000,1564.6000000,3056708
211201,000000,1566.8000000,1594.6000000,1554.6000000,1563.0000000,1401427
211202,000000,1567.0000000,1588.8000000,1557.2000000,1587.4000000,1133707
211203,000000,1598.6000000,1612.2000000,1556.6000000,1570.2000000,1213309
211206,000000,1575.0000000,1585.8000000,1537.2000000,1556.0000000,1059856
211207,000000,1555.0000000,1608.4000000,1551.2000000,1603.4000000,1386201
211208,000000,1604.0000000,1630.2000000,1579.8000000,1595.6000000,1694182
211209,000000,1595.6000000,1604.8000000,1572.2000000,1589.8000000,1525109
211210,000000,1596.4000000,1604.2000000,1583.2000000,1595.6000000,2066338
211213,000000,1516.8000000,1523.8000000,1482.2000000,1482.8000000,2111840
211214,000000,1491.0000000,1494.8000000,1321.2000000,1466.2000000,2347206
211215,000000,1461.2000000,1478.4000000,1424.6000000,1452.2000000,1674828
211216,000000,1455.0000000,1518.4000000,1450.0000000,1507.0000000,1578408
211217,000000,1500.0000000,1511.6000000,1480.2000000,1502.8000000,1104703
211220,000000,1499.0000000,1522.0000000,1476.4000000,1512.0000000,1041385
211221,000000,1516.2000000,1547.0000000,1510.2000000,1545.4000000,1061298
211222,000000,1548.0000000,1570.0000000,1526.0000000,1561.0000000,884171
211223,000000,1561.8000000,1579.0000000,1553.8000000,1561.0000000,936094
211224,000000,1560.0000000,1580.0000000,1550.4000000,1578.0000000,462754
211227,000000,1577.2000000,1599.6000000,1573.2000000,1588.6000000,560656
211228,000000,1589.6000000,1595.8000000,1570.2000000,1587.6000000,1334018
211229,000000,1587.6000000,1594.0000000,1556.8000000,1570.4000000,1046963
211230,000000,1564.4000000,1606.6000000,1557.2000000,1604.2000000,862964
220103,000000,1604.0000000,1621.0000000,1594.0000000,1619.8000000,455377
220104,000000,1621.0000000,1625.6000000,1598.0000000,1603.4000000,515469
220105,000000,1603.4000000,1617.4000000,1562.6000000,1575.2000000,754965
220106,000000,1569.2000000,1610.4000000,1562.2000000,1584.0000000,562477
220110,000000,1580.0000000,1600.0000000,1540.2000000,1554.6000000,941251
220111,000000,1560.0000000,1594.4000000,1545.0000000,1572.4000000,1001302
220112,000000,1576.2000000,1593.0000000,1562.0000000,1591.2000000,840066
220113,000000,1586.2000000,1595.8000000,1534.4000000,1570.4000000,1300033
220114,000000,1564.2000000,1580.0000000,1499.0000000,1551.8000000,1672765
220117,000000,1544.0000000,1568.8000000,1493.4000000,1514.8000000,1146509
220118,000000,1520.4000000,1521.8000000,1416.4000000,1460.4000000,2301224
220119,000000,1472.2000000,1496.8000000,1416.0000000,1480.6000000,3719302
220120,000000,1494.6000000,1524.8000000,1471.0000000,1482.8000000,1520779
220121,000000,1486.8000000,1510.0000000,1465.2000000,1480.0000000,1484863
220124,000000,1481.2000000,1492.6000000,1367.4000000,1416.0000000,2263509
220125,000000,1400.0000000,1434.0000000,1374.0000000,1423.8000000,1784774
220126,000000,1426.2000000,1467.8000000,1400.4000000,1428.0000000,1725894
220127,000000,1428.0000000,1485.8000000,1405.8000000,1467.6000000,2147535
220128,000000,1474.0000000,1496.0000000,1451.2000000,1475.6000000,1276497
220131,000000,1475.0000000,1520.0000000,1471.6000000,1511.0000000,1264573
220201,000000,1510.0000000,1544.0000000,1491.0000000,1540.0000000,1266816
220202,000000,1539.2000000,1581.0000000,1530.0000000,1567.8000000,1421095
220203,000000,1568.0000000,1571.8000000,1540.0000000,1558.4000000,1038326
220204,000000,1562.0000000,1591.6000000,1545.0000000,1560.6000000,1391754
220207,000000,1562.6000000,1582.0000000,1550.0000000,1559.0000000,1199648
220208,000000,1558.0000000,1629.4000000,1553.0000000,1627.0000000,1544303
220209,000000,1628.0000000,1698.6000000,1622.4000000,1675.2000000,2130449
220210,000000,1680.2000000,1682.6000000,1622.8000000,1649.0000000,1865420
220211,000000,1640.0000000,1658.6000000,1592.0000000,1599.2000000,1704493
220214,000000,1592.8000000,1645.0000000,1542.8000000,1619.0000000,3240754
220215,000000,1622.0000000,1669.8000000,1616.0000000,1651.0000000,1374997
220216,000000,1660.8000000,1675.2000000,1634.4000000,1669.0000000,1043434
220217,000000,1666.0000000,1669.0000000,1597.0000000,1612.8000000,2254981
220218,000000,1620.0000000,1663.8000000,1600.4000000,1636.0000000,2990579
220221,000000,1636.4000000,1674.8000000,1382.4000000,1494.2000000,5512509
220222,000000,1487.6000000,1612.0000000,1430.2000000,1604.8000000,4798463
220224,000000,1490.0000000,1500.0000000,954.6000000,1250.0000000,7239912
220225,000000,1280.0000000,1432.2000000,1257.8000000,1315.0000000,2056711
220324,000000,1315.0000000,1439.0000000,1250.0000000,1280.0000000,2583351
220325,000000,1290.6000000,1340.0000000,1137.0000000,1160.4000000,576177
220328,000000,1159.0000000,1160.0000000,1040.0000000,1053.8000000,603886
220329,000000,1062.0000000,1097.0000000,980.0000000,1013.8000000,694549
220330,000000,1002.4000000,1068.0000000,1002.4000000,1058.0000000,432979
220331,000000,1068.8000000,1140.0000000,1066.0000000,1100.0000000,1164249
220401,000000,1148.8000000,1200.0000000,1111.2000000,1192.6000000,1078749
220404,000000,1219.2000000,1248.0000000,1163.0000000,1185.0000000,849120
220405,000000,1187.0000000,1208.8000000,1080.8000000,1093.0000000,1029127
220406,000000,1092.8000000,1095.2000000,1050.2000000,1061.8000000,1124824
220407,000000,1063.2000000,1085.0000000,1057.6000000,1066.0000000,712618
220408,000000,1082.2000000,1082.2000000,1049.0000000,1067.8000000,363138
220411,000000,1070.2000000,1079.0000000,1015.0000000,1018.0000000,649145
220412,000000,1014.0000000,1046.2000000,982.0000000,1035.6000000,709937
220413,000000,1035.6000000,1042.2000000,1001.2000000,1013.4000000,335626
220414,000000,1015.2000000,1019.0000000,970.4000000,975.6000000,374388
220415,000000,974.8000000,994.6000000,950.0000000,971.0000000,420357
220418,000000,974.0000000,985.0000000,957.0000000,973.6000000,271061
220419,000000,973.8000000,1015.6000000,964.2000000,1003.4000000,538938
220420,000000,1004.0000000,1045.0000000,986.6000000,1045.0000000,709353
220421,000000,1040.6000000,1064.2000000,1020.0000000,1045.0000000,566487
220422,000000,1045.4000000,1068.0000000,995.0000000,1061.8000000,405914
220425,000000,1055.2000000,1058.2000000,1031.0000000,1055.0000000,235604
220426,000000,1044.4000000,1072.6000000,1033.4000000,1069.8000000,404884
220427,000000,1068.0000000,1096.6000000,1060.6000000,1080.0000000,341790
220428,000000,1088.0000000,1097.4000000,1050.0000000,1059.8000000,360646
220429,000000,1052.2000000,1096.0000000,1043.0000000,1095.0000000,291712
220504,000000,1096.2000000,1120.0000000,1074.8000000,1081.0000000,300421
220505,000000,1088.8000000,1103.8000000,1083.6000000,1102.0000000,206691
220506,000000,1098.0000000,1108.0000000,1090.0000000,1108.0000000,171436
220511,000000,1105.6000000,1130.0000000,1104.0000000,1125.0000000,304053
220512,000000,1124.4000000,1134.6000000,1078.0000000,1092.6000000,288995
220513,000000,1099.8000000,1109.2000000,1078.0000000,1082.2000000,257239
220516,000000,1090.0000000,1110.0000000,1084.2000000,1105.4000000,283100
220517,000000,1106.0000000,1120.0000000,1102.0000000,1114.0000000,213536
220518,000000,1119.8000000,1159.4000000,1115.0000000,1144.0000000,399555
220519,000000,1145.0000000,1158.8000000,1125.0000000,1150.6000000,282394
220520,000000,1152.2000000,1152.6000000,1102.2000000,1111.6000000,317514
220523,000000,1117.8000000,1118.0000000,1019.0000000,1051.0000000,396366
220524,000000,1028.0000000,1049.6000000,988.0000000,1004.0000000,696909
220525,000000,1008.0000000,1049.0000000,1005.6000000,1046.0000000,297673
220526,000000,1048.0000000,1068.0000000,1025.6000000,1042.0000000,398870
220527,000000,1042.4000000,1059.2000000,1026.0000000,1035.0000000,357596
220530,000000,1030.8000000,1031.8000000,989.0000000,1004.8000000,479713
220531,000000,1001.0000000,1001.2000000,965.0000000,974.8000000,404131
220601,000000,963.0000000,974.6000000,945.4000000,962.8000000,467578
220602,000000,958.8000000,970.0000000,807.0000000,815.8000000,3701869
220603,000000,811.8000000,830.0000000,685.0000000,711.0000000,11719344
220606,000000,712.0000000,735.2000000,680.2000000,716.8000000,4177783
220607,000000,716.8000000,723.0000000,694.2000000,717.4000000,1696527
220608,000000,718.2000000,748.4000000,718.0000000,731.8000000,1936505
220609,000000,733.4000000,739.0000000,706.4000000,714.0000000,955076
220610,000000,714.2000000,723.8000000,701.2000000,721.0000000,714465
220614,000000,712.0000000,720.0000000,704.2000000,720.0000000,559877
220615,000000,720.2000000,733.0000000,714.2000000,726.0000000,557098
220616,000000,726.8000000,745.0000000,723.0000000,741.4000000,803201
220617,000000,741.4000000,743.2000000,724.8000000,735.0000000,697115
220620,000000,737.6000000,775.0000000,733.0000000,768.0000000,1319909
220621,000000,770.0000000,794.8000000,753.0000000,770.6000000,1509207
220622,000000,765.0000000,785.8000000,750.0000000,785.8000000,868245
220623,000000,784.0000000,808.2000000,774.0000000,807.0000000,922066
220624,000000,806.8000000,837.8000000,800.0000000,818.6000000,1468823
220627,000000,818.8000000,832.8000000,811.0000000,832.6000000,590027
220628,000000,832.0000000,843.0000000,802.8000000,810.8000000,634841
220629,000000,805.0000000,840.0000000,784.6000000,840.0000000,1154293
220630,000000,841.2000000,849.8000000,797.0000000,830.0000000,1244408
220701,000000,829.2000000,859.0000000,810.0000000,830.0000000,823225
220704,000000,836.2000000,848.2000000,830.0000000,846.8000000,439376
220705,000000,847.8000000,848.0000000,802.0000000,832.0000000,633806
220706,000000,828.4000000,843.8000000,820.4000000,831.2000000,388913
220707,000000,830.6000000,830.6000000,811.0000000,823.8000000,345561
220708,000000,822.4000000,822.6000000,811.0000000,821.4000000,229566
220711,000000,816.2000000,819.4000000,800.0000000,808.6000000,296618
220712,000000,807.8000000,808.6000000,770.6000000,779.8000000,541214
220713,000000,779.0000000,785.0000000,748.0000000,756.4000000,580663
220714,000000,758.4000000,770.0000000,738.2000000,743.6000000,352742
220715,000000,746.2000000,749.6000000,725.0000000,739.8000000,562524
220718,000000,739.2000000,741.0000000,722.0000000,722.2000000,351540
220719,000000,722.6000000,722.6000000,706.0000000,715.0000000,542350
220720,000000,712.0000000,721.6000000,698.6000000,702.8000000,811093
220721,000000,698.8000000,699.0000000,677.0000000,683.0000000,1010169
220722,000000,679.8000000,689.6000000,670.4000000,689.6000000,686747
220725,000000,688.8000000,698.6000000,679.8000000,695.0000000,797179
220726,000000,698.6000000,723.4000000,697.0000000,723.0000000,690803
220727,000000,730.2000000,753.4000000,725.4000000,742.4000000,1186342
220728,000000,744.0000000,751.6000000,712.8000000,720.0000000,1120901
220729,000000,715.4000000,735.8000000,707.6000000,733.8000000,650505
220801,000000,736.6000000,754.6000000,732.0000000,732.0000000,1058769
220802,000000,730.6000000,740.0000000,717.2000000,725.4000000,582150
220803,000000,723.4000000,724.6000000,695.4000000,696.0000000,732621
220804,000000,696.0000000,703.0000000,686.6000000,698.4000000,419650
220805,000000,704.0000000,718.8000000,680.0000000,680.0000000,666305
220808,000000,703.0000000,713.2000000,683.6000000,683.6000000,507946
220809,000000,685.4000000,707.6000000,672.0000000,707.6000000,685461
220810,000000,707.8000000,708.6000000,695.2000000,698.0000000,424273
220811,000000,700.8000000,714.0000000,697.0000000,705.0000000,578610
220812,000000,701.0000000,705.6000000,691.6000000,700.0000000,309215
220815,000000,705.2000000,708.2000000,695.2000000,708.2000000,418276
220816,000000,708.4000000,714.2000000,701.0000000,713.6000000,611620
220817,000000,715.4000000,720.8000000,702.0000000,702.0000000,464066
220818,000000,703.0000000,705.0000000,696.6000000,699.4000000,244733
220819,000000,698.8000000,704.6000000,691.6000000,703.4000000,310021
220822,000000,704.6000000,709.4000000,699.8000000,708.0000000,254623
220823,000000,709.8000000,715.6000000,706.2000000,712.0000000,271417
220824,000000,710.0000000,714.0000000,704.0000000,710.0000000,276509
220825,000000,710.4000000,713.8000000,701.0000000,705.8000000,299661
220826,000000,707.0000000,712.6000000,704.0000000,712.6000000,166546
220829,000000,712.0000000,739.0000000,711.0000000,739.0000000,756723
220830,000000,740.0000000,754.8000000,737.0000000,743.8000000,771113
220831,000000,744.2000000,770.6000000,740.0000000,754.8000000,732563
220901,000000,754.8000000,755.0000000,740.4000000,742.4000000,434787
220902,000000,744.8000000,774.4000000,738.6000000,774.4000000,805658
220905,000000,777.4000000,798.0000000,765.0000000,798.0000000,791313
220906,000000,797.8000000,805.0000000,780.0000000,787.8000000,1350008
220907,000000,788.0000000,802.8000000,783.0000000,785.0000000,643879
220908,000000,783.2000000,787.2000000,769.2000000,774.4000000,544996
220909,000000,780.2000000,783.0000000,773.2000000,782.8000000,487897
220912,000000,779.8000000,793.0000000,777.0000000,780.0000000,623614
220913,000000,782.2000000,783.6000000,772.2000000,777.8000000,440780
220914,000000,777.4000000,777.4000000,756.6000000,769.6000000,575833
220915,000000,770.8000000,788.0000000,761.2000000,775.2000000,630010
220916,000000,774.0000000,784.0000000,773.0000000,781.4000000,388661
220919,000000,782.2000000,790.6000000,778.2000000,782.4000000,334094
220920,000000,781.6000000,785.4000000,714.0000000,728.6000000,1262066
220921,000000,688.0000000,723.8000000,676.0000000,700.8000000,957494
220922,000000,701.2000000,734.6000000,701.2000000,724.2000000,726964
220923,000000,723.8000000,724.0000000,687.2000000,700.4000000,816269
220926,000000,693.0000000,693.0000000,599.2000000,606.0000000,1774520
220927,000000,620.2000000,633.0000000,589.0000000,624.4000000,848197
220928,000000,622.0000000,633.8000000,602.0000000,616.6000000,552379
220929,000000,617.6000000,620.0000000,571.8000000,580.8000000,1013760
220930,000000,583.0000000,626.4000000,561.0000000,622.0000000,1438605
221003,000000,624.6000000,646.2000000,611.2000000,634.2000000,815537
221004,000000,639.0000000,640.6000000,606.0000000,610.2000000,629424
221005,000000,607.0000000,608.8000000,575.0000000,595.0000000,828991
221006,000000,595.0000000,604.6000000,585.4000000,591.0000000,403637
221007,000000,590.0000000,592.4000000,570.0000000,572.6000000,496709
221010,000000,564.2000000,595.0000000,560.0000000,592.6000000,754867
221011,000000,593.0000000,606.0000000,582.8000000,600.6000000,890869
221012,000000,604.6000000,608.0000000,589.0000000,596.0000000,481143
221013,000000,594.2000000,600.6000000,587.2000000,590.6000000,323644
221014,000000,592.6000000,616.0000000,586.0000000,616.0000000,1509166
221017,000000,617.8000000,656.0000000,611.4000000,655.4000000,2170019
221018,000000,656.2000000,666.6000000,641.2000000,644.0000000,1682747
221019,000000,644.6000000,656.2000000,636.8000000,653.8000000,1128534
221020,000000,657.8000000,688.6000000,656.2000000,687.0000000,1268386
221021,000000,685.4000000,736.8000000,676.8000000,732.2000000,2016476
221024,000000,731.8000000,743.6000000,712.6000000,727.6000000,1359798
221025,000000,727.6000000,762.6000000,723.8000000,757.2000000,900581
221026,000000,757.6000000,784.6000000,745.4000000,779.6000000,1652298
221027,000000,779.2000000,831.8000000,772.6000000,826.4000000,2398116
221028,000000,826.0000000,830.2000000,805.4000000,816.4000000,1674947
221031,000000,816.0000000,819.0000000,784.4000000,786.8000000,1296177
221101,000000,791.8000000,798.4000000,775.8000000,789.2000000,858984
221102,000000,789.6000000,789.6000000,760.2000000,770.0000000,578542
221103,000000,770.0000000,788.6000000,760.0000000,782.0000000,1211233
221107,000000,787.6000000,830.0000000,787.4000000,824.0000000,1544928
221108,000000,824.4000000,837.0000000,807.0000000,822.4000000,1100941
221109,000000,814.8000000,819.8000000,777.0000000,785.4000000,1374215
221110,000000,787.0000000,805.0000000,773.6000000,800.4000000,1093978
221111,000000,803.6000000,804.6000000,785.0000000,798.8000000,482320
221114,000000,802.4000000,806.0000000,787.0000000,795.2000000,645801
221115,000000,798.0000000,802.0000000,753.0000000,773.2000000,882732
221116,000000,774.0000000,799.8000000,771.0000000,791.6000000,545808
221117,000000,791.0000000,796.0000000,780.8000000,785.4000000,343080
221118,000000,783.8000000,788.4000000,772.0000000,788.2000000,335250
221121,000000,789.0000000,789.0000000,770.4000000,776.2000000,358048
221122,000000,775.8000000,793.4000000,768.4000000,789.6000000,579026
221123,000000,794.2000000,801.8000000,786.6000000,798.4000000,503431
221124,000000,799.2000000,805.0000000,788.4000000,792.0000000,411127
221125,000000,790.2000000,793.8000000,782.6000000,791.6000000,240840
221128,000000,783.6000000,792.8000000,780.8000000,791.6000000,270332
221129,000000,792.4000000,797.0000000,790.0000000,792.6000000,230079
221130,000000,793.4000000,794.4000000,783.2000000,790.8000000,328524
221201,000000,790.0000000,792.6000000,782.6000000,784.6000000,281966
221202,000000,784.4000000,788.0000000,773.0000000,778.0000000,486982
221205,000000,776.2000000,787.6000000,771.0000000,780.4000000,348906
221206,000000,781.4000000,789.8000000,777.0000000,784.0000000,252656
221207,000000,783.0000000,795.8000000,778.6000000,792.2000000,432844
221208,000000,793.6000000,803.4000000,790.0000000,801.0000000,715341
221209,000000,801.2000000,816.0000000,794.6000000,805.0000000,528303
221212,000000,805.6000000,821.8000000,800.0000000,820.6000000,1022158
221213,000000,821.4000000,848.8000000,820.6000000,841.6000000,1468675
221214,000000,840.0000000,845.0000000,833.2000000,838.2000000,610504
221215,000000,837.0000000,844.8000000,828.0000000,839.6000000,1118953
221216,000000,838.0000000,858.2000000,835.8000000,853.8000000,803449
221219,000000,855.8000000,881.8000000,850.6000000,875.4000000,1333167
221220,000000,872.8000000,892.0000000,870.2000000,885.8000000,1063944
221221,000000,888.8000000,891.8000000,864.2000000,869.0000000,1482438
221222,000000,870.0000000,885.0000000,867.4000000,882.4000000,882459
221223,000000,884.4000000,900.0000000,874.4000000,888.6000000,469422
221226,000000,890.4000000,899.8000000,883.6000000,893.0000000,643402
221227,000000,893.2000000,907.8000000,889.6000000,907.4000000,588024
221228,000000,906.8000000,909.6000000,882.8000000,888.8000000,694207
221229,000000,889.2000000,896.0000000,883.0000000,888.2000000,327510
221230,000000,894.6000000,929.6000000,887.2000000,904.0000000,649581
230103,000000,902.4000000,909.6000000,892.8000000,897.6000000,357573
230104,000000,895.6000000,900.8000000,883.0000000,888.6000000,369805
230105,000000,886.4000000,891.4000000,874.4000000,882.8000000,296727
230106,000000,882.6000000,894.0000000,878.4000000,884.4000000,328016
230109,000000,888.0000000,892.8000000,862.0000000,872.6000000,835477
230110,000000,871.4000000,871.8000000,860.0000000,863.6000000,403248
230111,000000,865.0000000,879.8000000,862.0000000,879.8000000,422196
230112,000000,880.0000000,885.0000000,869.8000000,880.4000000,414864
230113,000000,880.4000000,893.6000000,875.2000000,890.4000000,330101
230116,000000,891.0000000,927.8000000,891.0000000,922.0000000,784229
230117,000000,922.2000000,927.8000000,902.0000000,903.8000000,663272
230118,000000,905.4000000,923.4000000,898.0000000,910.8000000,506412
230119,000000,906.8000000,910.6000000,891.4000000,894.2000000,381346
230120,000000,893.2000000,904.0000000,881.0000000,887.8000000,574128
230123,000000,886.8000000,893.8000000,882.2000000,892.0000000,332704
230124,000000,893.8000000,898.0000000,872.0000000,875.2000000,442449
230125,000000,871.2000000,879.2000000,868.2000000,875.2000000,443045
230126,000000,876.0000000,883.8000000,871.4000000,881.4000000,305509
230127,000000,882.8000000,896.0000000,878.6000000,895.4000000,488868
230130,000000,896.4000000,917.6000000,894.0000000,912.8000000,687563
230131,000000,913.8000000,932.0000000,911.8000000,929.0000000,998229
230201,000000,931.2000000,977.0000000,925.8000000,976.6000000,1659959
230202,000000,981.6000000,1014.4000000,960.6000000,997.2000000,1842636
230203,000000,995.0000000,1025.0000000,981.4000000,1016.2000000,1430291
230206,000000,1016.4000000,1048.0000000,1006.0000000,1035.0000000,1510327
230207,000000,1041.0000000,1045.0000000,992.2000000,1000.0000000,1742095
230208,000000,999.0000000,1009.4000000,981.0000000,982.2000000,1355404
230209,000000,980.8000000,1019.0000000,971.0000000,1008.6000000,1625015
230210,000000,1007.8000000,1027.0000000,1000.0000000,1020.6000000,892656
230213,000000,1020.6000000,1038.4000000,1015.0000000,1016.0000000,723197
230214,000000,1017.6000000,1019.6000000,991.4000000,996.0000000,925750
230215,000000,991.6000000,998.4000000,948.4000000,964.6000000,1476133
230216,000000,968.0000000,989.0000000,956.4000000,973.8000000,983750
230217,000000,970.2000000,988.2000000,957.4000000,975.6000000,620964
230220,000000,979.8000000,988.6000000,958.0000000,985.0000000,712717
230221,000000,986.0000000,1018.4000000,981.0000000,1012.8000000,1377751
230222,000000,1012.8000000,1032.0000000,1004.0000000,1025.8000000,1294414
230224,000000,1025.0000000,1043.0000000,1021.6000000,1041.6000000,993396
230227,000000,1039.0000000,1062.0000000,1030.6000000,1061.0000000,1112698
230228,000000,1062.8000000,1074.8000000,1050.0000000,1055.0000000,1024823
230301,000000,1057.2000000,1066.2000000,1047.2000000,1060.4000000,645940
230302,000000,1061.0000000,1072.0000000,1032.0000000,1049.0000000,1093906
230303,000000,1050.0000000,1065.0000000,1046.2000000,1063.4000000,398851
230306,000000,1067.0000000,1070.2000000,1049.2000000,1053.0000000,682684
230307,000000,1053.0000000,1060.0000000,1045.2000000,1055.8000000,518922
230309,000000,1058.8000000,1064.0000000,1048.2000000,1052.6000000,435396
230310,000000,1047.8000000,1061.8000000,1044.6000000,1052.2000000,637103
230313,000000,1053.0000000,1059.6000000,1033.8000000,1042.0000000,722040
230314,000000,1041.0000000,1044.8000000,1035.0000000,1036.0000000,554369
230315,000000,1035.4000000,1040.0000000,1010.8000000,1019.4000000,843152
230316,000000,1017.6000000,1031.8000000,1002.0000000,1028.4000000,855954
230317,000000,1033.2000000,1039.8000000,1023.0000000,1033.6000000,669819
230320,000000,1036.4000000,1062.0000000,1030.0000000,1060.0000000,896291
230321,000000,1063.6000000,1065.0000000,1034.2000000,1038.6000000,616019
230322,000000,1036.4000000,1053.8000000,1033.2000000,1046.8000000,413965
230323,000000,1046.0000000,1049.6000000,1038.0000000,1039.2000000,289423
230324,000000,1041.4000000,1043.0000000,1028.0000000,1034.6000000,359490
230327,000000,1036.0000000,1042.6000000,1032.2000000,1039.8000000,410187
230328,000000,1041.0000000,1044.0000000,1033.0000000,1038.0000000,268776
230329,000000,1040.0000000,1078.4000000,1035.4000000,1074.6000000,1793625
230330,000000,1074.6000000,1084.8000000,1058.0000000,1061.0000000,1301208
230331,000000,1061.0000000,1061.0000000,1041.6000000,1050.6000000,753891
230403,000000,1053.0000000,1058.2000000,1041.6000000,1053.0000000,596813
230404,000000,1054.4000000,1057.0000000,1040.0000000,1044.2000000,676034
230405,000000,1045.2000000,1050.0000000,1036.2000000,1048.8000000,785425
230406,000000,1049.0000000,1054.2000000,1039.0000000,1039.4000000,897243
230407,000000,1039.0000000,1043.8000000,1021.0000000,1033.8000000,1347075
230410,000000,1033.6000000,1049.0000000,1028.2000000,1038.6000000,1120216
230411,000000,1038.6000000,1042.0000000,1018.0000000,1023.4000000,1220988
230412,000000,1021.0000000,1035.6000000,1012.6000000,1026.2000000,1037923
230413,000000,1027.0000000,1032.0000000,1014.8000000,1021.6000000,724316
230414,000000,1022.0000000,1023.8000000,1015.4000000,1021.4000000,447408
230417,000000,1026.2000000,1039.0000000,1022.0000000,1038.0000000,990985
230418,000000,1041.0000000,1056.0000000,1030.0000000,1052.2000000,1368793
230419,000000,1052.8000000,1067.0000000,1020.0000000,1026.8000000,2675917
230420,000000,1026.0000000,1027.2000000,1002.2000000,1013.6000000,1634371
230421,000000,1014.0000000,1021.0000000,1005.2000000,1018.8000000,500043
230424,000000,1019.8000000,1024.2000000,1014.2000000,1016.6000000,635211
230425,000000,1016.0000000,1018.0000000,1006.2000000,1010.2000000,500024
230426,000000,1010.4000000,1014.2000000,995.0000000,998.0000000,680277
230427,000000,999.0000000,1006.0000000,986.4000000,1004.6000000,916635
230428,000000,1005.6000000,1007.0000000,990.2000000,1002.0000000,509783
230502,000000,1002.4000000,1004.0000000,969.2000000,972.6000000,868098
230503,000000,976.0000000,990.8000000,950.2000000,957.4000000,1551423
230504,000000,959.0000000,972.6000000,951.6000000,963.2000000,618625
230505,000000,963.4000000,970.4000000,953.8000000,954.6000000,385886
230508,000000,954.0000000,964.8000000,942.6000000,962.0000000,361716
230510,000000,965.0000000,988.8000000,962.0000000,987.2000000,683340
230511,000000,988.2000000,1004.0000000,971.8000000,985.8000000,1002151
230512,000000,987.6000000,994.0000000,976.2000000,988.0000000,417567
230515,000000,990.0000000,1000.0000000,986.0000000,995.6000000,646489
230516,000000,997.8000000,1009.6000000,992.4000000,1008.4000000,715585
230517,000000,1010.0000000,1014.6000000,1002.0000000,1009.8000000,527598
230518,000000,1008.0000000,1013.6000000,996.0000000,1003.8000000,438700
230519,000000,996.6000000,999.8000000,982.2000000,997.0000000,630334
230522,000000,1000.0000000,1003.8000000,984.6000000,988.6000000,342655
230523,000000,988.0000000,1000.6000000,983.0000000,996.0000000,376817
230524,000000,994.0000000,1000.4000000,987.0000000,993.6000000,334629
230525,000000,994.0000000,1020.8000000,990.8000000,1006.6000000,1736838
230526,000000,1010.2000000,1017.8000000,1000.2000000,1005.8000000,519648
230529,000000,1010.8000000,1027.0000000,1007.4000000,1027.0000000,882439
230530,000000,1021.0000000,1042.4000000,1011.6000000,1025.8000000,1587305
230531,000000,1022.4000000,1032.0000000,1013.0000000,1024.0000000,518061
230601,000000,1026.0000000,1037.0000000,1020.4000000,1032.0000000,554402
230602,000000,1027.8000000,1040.0000000,1025.8000000,1037.8000000,563830
230605,000000,1041.2000000,1054.0000000,1027.2000000,1031.4000000,742377
230606,000000,1029.0000000,1029.0000000,1008.0000000,1021.0000000,799343
230607,000000,1022.6000000,1033.0000000,1013.6000000,1020.6000000,618955
230608,000000,1020.2000000,1044.0000000,1015.0000000,1040.6000000,682556
230609,000000,1042.4000000,1044.4000000,1030.2000000,1030.4000000,275317
230613,000000,1032.4000000,1053.8000000,1028.0000000,1052.4000000,806058
230614,000000,1055.4000000,1056.8000000,1046.4000000,1049.0000000,466957
230615,000000,1051.2000000,1079.6000000,1047.2000000,1077.6000000,1148698
230616,000000,1079.0000000,1080.0000000,1064.2000000,1073.6000000,445438
230619,000000,1073.4000000,1158.0000000,1056.0000000,1155.0000000,4720967
230620,000000,1154.6000000,1160.0000000,1127.0000000,1145.0000000,2354231
230621,000000,1144.2000000,1188.0000000,1133.0000000,1182.0000000,2272455
230622,000000,1183.0000000,1199.0000000,1153.0000000,1164.8000000,1875034
230623,000000,1157.0000000,1205.0000000,1153.0000000,1164.6000000,2906070
230626,000000,1178.2000000,1197.8000000,1127.0000000,1158.2000000,2637829
230627,000000,1160.8000000,1196.0000000,1146.6000000,1187.8000000,1963317
230628,000000,1191.0000000,1199.8000000,1165.8000000,1169.0000000,1038989
230629,000000,1170.0000000,1176.8000000,1160.6000000,1166.8000000,687716
230630,000000,1166.0000000,1184.0000000,1156.2000000,1174.0000000,626983
230703,000000,1177.0000000,1227.4000000,1174.0000000,1219.0000000,2007539
230704,000000,1221.6000000,1229.0000000,1197.0000000,1201.4000000,1569518
230705,000000,1206.0000000,1220.0000000,1203.2000000,1213.0000000,799316
230706,000000,1214.8000000,1219.0000000,1198.2000000,1203.8000000,749310
230707,000000,1206.2000000,1206.4000000,1187.8000000,1199.4000000,784104
230710,000000,1206.2000000,1223.4000000,1200.0000000,1218.4000000,663476
230711,000000,1221.8000000,1227.8000000,1208.6000000,1222.8000000,581123
230712,000000,1224.0000000,1249.4000000,1218.0000000,1244.0000000,1116811
230713,000000,1244.4000000,1250.0000000,1231.8000000,1238.8000000,590790
230714,000000,1240.0000000,1255.0000000,1233.2000000,1253.0000000,661786
230717,000000,1248.2000000,1280.0000000,1244.4000000,1275.0000000,912057
230718,000000,1276.4000000,1300.0000000,1265.2000000,1287.8000000,1587382
230719,000000,1291.8000000,1292.0000000,1271.2000000,1277.4000000,626271
230720,000000,1278.6000000,1286.0000000,1258.8000000,1260.8000000,782273
230721,000000,1259.2000000,1275.0000000,1233.8000000,1274.2000000,758884
230724,000000,1275.8000000,1292.0000000,1272.0000000,1286.0000000,663941
230725,000000,1285.8000000,1317.4000000,1284.4000000,1313.6000000,933597
230726,000000,1316.6000000,1319.6000000,1292.6000000,1301.4000000,779354
230727,000000,1303.6000000,1337.0000000,1294.0000000,1328.0000000,1240072
230728,000000,1327.0000000,1336.0000000,1318.2000000,1334.8000000,628043
230731,000000,1340.0000000,1375.0000000,1333.0000000,1367.6000000,968077
230801,000000,1368.4000000,1383.8000000,1351.8000000,1364.6000000,844103
230802,000000,1364.6000000,1372.8000000,1353.2000000,1364.0000000,738359
230803,000000,1362.0000000,1401.0000000,1354.4000000,1399.0000000,1052259
230804,000000,1401.0000000,1406.6000000,1323.8000000,1348.4000000,1835418
230807,000000,1356.0000000,1381.8000000,1316.0000000,1327.4000000,1293486
230808,000000,1327.4000000,1329.8000000,1291.0000000,1326.2000000,1375857
230809,000000,1330.2000000,1354.4000000,1322.0000000,1339.4000000,1593324
230810,000000,1343.4000000,1359.0000000,1330.2000000,1356.4000000,1073272
230811,000000,1357.4000000,1369.8000000,1340.0000000,1345.4000000,970883
230814,000000,1353.0000000,1358.8000000,1303.8000000,1307.8000000,1458286
230815,000000,1304.6000000,1334.0000000,1297.0000000,1305.6000000,1022850
230816,000000,1306.8000000,1314.6000000,1251.6000000,1278.0000000,1438540
230817,000000,1286.8000000,1298.4000000,1266.0000000,1291.0000000,898159
230818,000000,1286.6000000,1304.0000000,1270.6000000,1302.2000000,696002
230821,000000,1313.2000000,1320.0000000,1294.8000000,1299.8000000,1156668
230822,000000,1302.2000000,1333.0000000,1287.4000000,1329.6000000,1598851
230823,000000,1333.2000000,1353.0000000,1290.6000000,1302.6000000,2456593
230824,000000,1309.0000000,1348.8000000,1306.0000000,1346.8000000,1205902
230825,000000,1347.0000000,1360.0000000,1330.2000000,1360.0000000,989770
230828,000000,1361.8000000,1395.0000000,1350.4000000,1385.4000000,1344579
230829,000000,1390.0000000,1404.8000000,1347.8000000,1358.6000000,2371862
230830,000000,1359.8000000,1399.0000000,1352.4000000,1385.0000000,1369931
230831,000000,1386.6000000,1429.2000000,1383.2000000,1427.4000000,1683178
230901,000000,1427.2000000,1439.6000000,1412.0000000,1431.6000000,824118
230904,000000,1438.4000000,1445.0000000,1422.8000000,1432.2000000,748732
230905,000000,1430.0000000,1433.4000000,1400.4000000,1411.0000000,881178
230906,000000,1407.0000000,1407.4000000,1357.4000000,1370.0000000,1975290
230907,000000,1374.0000000,1385.8000000,1332.6000000,1342.0000000,1577196
230908,000000,1340.0000000,1349.0000000,1312.0000000,1316.6000000,1082219
230911,000000,1316.4000000,1322.4000000,1271.0000000,1289.0000000,2185629
230912,000000,1299.2000000,1328.0000000,1285.6000000,1326.6000000,989479
230913,000000,1323.0000000,1338.0000000,1290.2000000,1295.8000000,1016366
230914,000000,1299.6000000,1305.0000000,1262.2000000,1293.6000000,1314695
230915,000000,1296.0000000,1314.4000000,1281.0000000,1311.4000000,716372
230918,000000,1312.6000000,1325.8000000,1286.6000000,1292.8000000,820704
230919,000000,1292.8000000,1299.6000000,1263.6000000,1286.8000000,1233119
230920,000000,1286.0000000,1314.6000000,1265.0000000,1285.2000000,1163142
230921,000000,1278.4000000,1293.4000000,1258.0000000,1268.8000000,1437003
230922,000000,1268.0000000,1344.0000000,1259.0000000,1342.0000000,2427894
230925,000000,1341.4000000,1350.0000000,1325.4000000,1331.8000000,969716
230926,000000,1329.0000000,1383.6000000,1317.0000000,1370.8000000,1596280
230927,000000,1374.0000000,1386.2000000,1364.0000000,1378.4000000,941703
230928,000000,1379.2000000,1387.8000000,1354.0000000,1375.2000000,918247
230929,000000,1376.6000000,1381.4000000,1360.0000000,1368.4000000,525906
231002,000000,1370.8000000,1393.8000000,1362.0000000,1390.0000000,1066561
231003,000000,1392.0000000,1393.8000000,1351.0000000,1358.4000000,1135099
231004,000000,1356.0000000,1388.4000000,1345.0000000,1370.6000000,1094622
231005,000000,1370.0000000,1384.0000000,1360.0000000,1372.2000000,529128
231006,000000,1372.0000000,1376.2000000,1353.4000000,1367.0000000,678409
231009,000000,1366.8000000,1380.0000000,1361.0000000,1368.4000000,535831
231010,000000,1368.0000000,1375.0000000,1361.8000000,1374.4000000,373631
231011,000000,1375.0000000,1415.6000000,1355.0000000,1358.0000000,1756074
231012,000000,1358.2000000,1373.4000000,1352.0000000,1368.8000000,931038
231013,000000,1370.4000000,1380.8000000,1367.2000000,1378.2000000,545365
231016,000000,1379.8000000,1405.0000000,1378.8000000,1403.8000000,796017
231017,000000,1405.2000000,1437.8000000,1398.0000000,1422.2000000,988359
231018,000000,1425.0000000,1432.8000000,1393.4000000,1408.6000000,834561
231019,000000,1408.0000000,1408.0000000,1387.6000000,1396.0000000,581782
231020,000000,1396.0000000,1419.0000000,1368.0000000,1409.8000000,1025318
231023,000000,1410.0000000,1411.6000000,1391.2000000,1399.8000000,670411
231024,000000,1400.4000000,1406.0000000,1389.8000000,1395.2000000,395521
231025,000000,1395.2000000,1397.4000000,1380.0000000,1387.4000000,440232
231026,000000,1385.0000000,1393.2000000,1368.0000000,1369.6000000,471533
231027,000000,1367.0000000,1378.4000000,1340.4000000,1362.8000000,574172
231030,000000,1363.2000000,1384.4000000,1354.2000000,1372.0000000,481753
231031,000000,1368.4000000,1374.0000000,1347.6000000,1354.8000000,469290
231101,000000,1356.6000000,1364.0000000,1343.0000000,1351.0000000,288165
231102,000000,1350.2000000,1369.6000000,1348.6000000,1359.8000000,441441
231103,000000,1359.6000000,1379.4000000,1341.0000000,1372.0000000,506990
231106,000000,1374.0000000,1399.0000000,1373.0000000,1386.2000000,542057
231107,000000,1385.6000000,1400.0000000,1369.0000000,1391.6000000,730635
231108,000000,1391.0000000,1397.4000000,1370.0000000,1375.2000000,662056
231109,000000,1377.4000000,1377.4000000,1354.0000000,1359.2000000,817650
231110,000000,1359.6000000,1372.8000000,1349.0000000,1366.8000000,750299
231113,000000,1364.0000000,1388.4000000,1352.6000000,1378.8000000,488555
231114,000000,1380.0000000,1380.0000000,1350.4000000,1356.8000000,611144
231115,000000,1354.6000000,1363.8000000,1345.0000000,1360.0000000,516119
231116,000000,1358.8000000,1375.8000000,1344.6000000,1350.8000000,560819
231117,000000,1348.4000000,1358.8000000,1313.6000000,1351.0000000,677743
231120,000000,1351.2000000,1356.0000000,1330.2000000,1332.4000000,642412
231121,000000,1330.4000000,1333.2000000,1315.0000000,1327.0000000,953587
231122,000000,1326.0000000,1351.8000000,1325.4000000,1349.8000000,682715
231123,000000,1352.8000000,1354.8000000,1323.2000000,1330.4000000,604385
231124,000000,1331.0000000,1334.2000000,1308.6000000,1317.2000000,738552
231127,000000,1317.0000000,1317.0000000,1284.2000000,1294.2000000,1028372
231128,000000,1292.8000000,1315.6000000,1286.0000000,1304.2000000,740464
231129,000000,1302.2000000,1309.4000000,1285.2000000,1297.2000000,484425
231130,000000,1297.2000000,1299.6000000,1266.0000000,1268.2000000,789659
231201,000000,1265.0000000,1278.6000000,1254.0000000,1257.0000000,754256
231204,000000,1257.0000000,1281.6000000,1241.8000000,1274.0000000,804156
231205,000000,1275.0000000,1297.0000000,1263.6000000,1295.2000000,770849
231206,000000,1297.8000000,1303.6000000,1250.0000000,1252.0000000,878170
231207,000000,1252.2000000,1265.0000000,1228.2000000,1245.0000000,915377
231208,000000,1248.6000000,1274.8000000,1244.2000000,1270.4000000,715431
231211,000000,1269.0000000,1289.4000000,1246.2000000,1251.0000000,809633
231212,000000,1250.8000000,1261.2000000,1235.2000000,1240.6000000,789376
231213,000000,1240.2000000,1252.8000000,1234.0000000,1245.4000000,555132
231214,000000,1247.8000000,1250.8000000,1216.6000000,1216.6000000,550608
231215,000000,1216.4000000,1273.6000000,1216.4000000,1273.6000000,729976
231218,000000,1275.2000000,1309.0000000,1273.6000000,1283.2000000,965978
231219,000000,1282.4000000,1313.0000000,1273.6000000,1307.2000000,1103321
231220,000000,1310.8000000,1336.6000000,1310.0000000,1330.0000000,963391
231221,000000,1327.6000000,1349.8000000,1319.6000000,1336.6000000,959041
231222,000000,1336.6000000,1354.8000000,1327.0000000,1333.8000000,798210
231225,000000,1333.8000000,1345.8000000,1333.0000000,1341.2000000,513803
231226,000000,1343.6000000,1377.2000000,1338.0000000,1375.2000000,767559
231227,000000,1376.0000000,1389.4000000,1375.0000000,1382.0000000,646107
231228,000000,1382.6000000,1414.0000000,1375.2000000,1408.0000000,891068
231229,000000,1408.4000000,1409.8000000,1392.0000000,1407.0000000,558087
