<DATE>,<TIME>,<OPEN>,<HIGH>,<LOW>,<CLOSE>,<VOL>
200103,000000,259.1000000,261.9000000,257.7700000,259.0000000,34326290
200106,000000,258.9100000,258.9600000,254.8000000,256.5500000,28106710
200108,000000,256.2500000,257.3200000,254.7700000,255.7900000,25566970
200109,000000,255.6600000,256.6800000,251.8200000,254.0700000,33194830
200110,000000,253.9900000,254.6000000,251.2000000,251.9000000,28545590
200113,000000,252.5000000,252.5000000,248.4000000,251.5000000,41334580
200114,000000,252.0000000,253.2000000,249.0000000,250.0000000,32866650
200115,000000,249.5000000,252.5000000,247.7500000,251.3000000,43936180
200116,000000,251.8700000,254.5400000,251.5000000,254.2600000,38394410
200117,000000,254.7600000,256.6000000,253.8000000,255.3900000,42028610
200120,000000,255.6500000,256.1000000,253.0100000,253.5000000,29957470
200121,000000,253.3700000,253.4000000,250.8800000,252.9900000,26873610
200122,000000,252.8100000,253.3900000,248.1000000,248.1000000,38825260
200123,000000,246.9000000,247.6600000,239.0100000,239.3000000,73654660
200124,000000,240.1200000,243.2500000,235.2800000,237.9500000,68994040
200127,000000,235.0100000,235.4000000,229.6500000,230.9600000,104948220
200128,000000,232.6100000,237.5900000,229.0000000,235.0000000,85405890
200129,000000,236.9000000,237.3600000,231.3000000,232.0000000,52589600
200130,000000,230.7000000,232.4900000,229.4500000,231.5300000,41451560
200131,000000,232.5300000,233.7900000,226.5700000,226.7000000,70264920
200203,000000,223.8100000,229.9800000,223.8000000,227.6400000,53572940
200204,000000,228.4700000,231.0800000,226.6500000,230.5000000,45301220
200205,000000,230.8900000,235.7300000,228.8000000,232.5600000,61685530
200206,000000,234.0400000,236.0000000,230.1500000,231.3800000,42561470
200207,000000,232.3800000,233.3900000,227.1400000,229.1100000,49649900
200210,000000,228.5800000,229.7500000,224.4100000,225.2000000,50466570
200211,000000,226.5600000,236.1800000,226.0100000,233.9000000,95547840
200212,000000,235.2000000,239.8000000,234.5600000,238.0300000,83138320
200213,000000,236.9000000,237.9800000,233.5500000,233.5500000,41949600
200214,000000,233.7900000,235.4000000,230.9100000,232.5000000,34339380
200217,000000,233.4000000,234.5600000,231.9100000,233.7500000,20525270
200218,000000,232.9700000,233.2800000,229.8000000,230.5000000,30822280
200219,000000,231.8400000,233.5000000,230.7100000,231.9000000,24383830
200220,000000,232.5500000,235.7500000,232.0000000,234.6000000,33547100
200221,000000,233.2000000,233.7700000,231.6100000,232.0000000,29613730
200225,000000,227.9900000,230.0600000,224.6800000,224.6800000,51889790
200226,000000,223.3200000,225.4700000,220.8100000,224.7600000,63577060
200227,000000,220.9900000,223.4000000,216.8000000,217.5000000,82610580
200228,000000,210.0000000,211.9700000,200.5700000,202.6500000,168877890
200302,000000,207.9900000,211.9900000,195.5100000,198.7800000,151413660
200303,000000,204.7800000,205.2700000,198.0000000,201.4800000,104199970
200304,000000,199.9000000,204.4200000,198.2800000,200.0000000,78621910
200305,000000,203.0000000,203.4300000,197.5000000,198.0000000,65760320
200306,000000,193.4900000,194.2300000,185.1300000,188.2700000,131420850
200310,000000,169.4500000,185.8400000,161.0100000,171.0000000,203245560
200311,000000,173.9800000,175.8700000,167.3900000,172.0300000,108371760
200312,000000,163.4000000,167.8000000,161.2000000,163.7300000,150756610
200313,000000,164.0800000,175.6900000,164.0200000,166.1000000,142833320
200316,000000,163.5600000,169.9900000,158.1700000,168.0700000,115641980
200317,000000,168.9600000,175.5000000,164.5600000,167.0000000,108041540
200318,000000,164.9000000,170.4500000,162.0000000,166.3400000,105950660
200319,000000,168.7700000,175.2000000,164.0500000,174.5600000,121970230
200320,000000,179.9800000,184.6900000,176.1000000,176.2600000,139598470
200323,000000,171.0300000,172.2800000,168.0400000,168.3500000,108969290
200324,000000,174.3600000,179.9900000,172.6100000,177.9500000,89246570
200325,000000,182.8000000,186.9000000,175.2600000,180.2000000,114425820
200326,000000,179.4500000,184.9000000,177.2800000,181.5000000,53884430
200327,000000,181.2000000,181.3700000,172.0000000,174.5000000,55565750
200330,000000,171.9900000,177.6300000,170.5000000,176.4400000,47795640
200331,000000,178.5000000,184.6400000,178.0100000,181.4100000,69708850
200401,000000,178.0500000,181.3800000,177.5000000,180.0600000,40356500
200402,000000,183.8000000,190.0000000,180.2500000,187.0400000,87685660
200403,000000,187.0300000,193.8500000,185.7200000,189.7700000,92292440
200406,000000,192.2500000,193.4400000,189.4400000,191.1000000,62810660
200407,000000,192.7200000,195.1300000,189.8000000,191.2200000,66726560
200408,000000,189.7500000,194.1100000,188.1000000,194.1100000,49196260
200409,000000,195.6900000,196.2600000,189.8800000,193.8600000,84196490
200410,000000,191.8600000,192.4400000,190.5100000,192.0000000,16941950
200413,000000,192.2500000,192.3600000,186.0700000,188.0700000,28468270
200414,000000,189.5700000,191.7600000,188.3000000,190.1100000,50604120
200415,000000,189.1600000,189.4800000,182.5600000,184.2500000,53684360
200416,000000,185.1500000,189.1600000,182.7500000,184.3000000,56338120
200417,000000,187.0700000,187.8700000,183.5400000,184.6800000,38709150
200420,000000,184.1100000,186.2500000,183.0000000,185.5100000,34244800
200421,000000,183.1700000,184.5000000,179.0500000,181.9200000,66847460
200422,000000,181.0900000,188.5500000,180.3300000,188.3600000,48244280
200423,000000,189.9800000,191.5900000,187.5000000,188.7300000,39797620
200424,000000,187.9400000,187.9500000,185.1000000,185.7100000,36685880
200427,000000,186.5300000,188.4700000,185.6900000,186.2900000,23536090
200428,000000,185.9300000,190.6500000,185.7600000,188.5000000,44154560
200429,000000,189.7800000,195.2300000,188.5300000,193.8700000,56201200
200430,000000,195.4400000,196.2000000,189.6200000,190.0000000,72061970
200504,000000,188.0000000,188.1700000,184.5200000,185.7000000,42833330
200505,000000,188.3900000,190.3900000,187.3000000,190.0000000,39562120
200506,000000,190.5300000,191.0500000,187.0500000,187.0500000,46377880
200507,000000,187.5200000,190.3000000,185.5000000,185.8500000,67256130
200508,000000,186.3400000,186.6400000,183.1000000,185.3400000,60934480
200512,000000,184.8800000,187.2000000,183.2000000,186.1700000,49892900
200513,000000,185.5500000,185.5500000,183.8000000,184.2000000,33177080
200514,000000,183.2700000,184.8500000,181.6800000,183.9100000,49343510
200515,000000,185.6200000,186.9800000,183.8500000,183.8500000,47863870
200518,000000,185.4000000,192.5000000,185.1400000,192.5000000,60009590
200519,000000,193.0000000,194.3900000,191.1000000,194.2000000,60258130
200520,000000,193.5700000,197.2700000,192.7900000,196.7400000,73790890
200521,000000,196.1000000,199.2600000,191.4000000,194.7400000,90059720
200522,000000,194.0000000,195.7600000,192.2100000,194.3500000,42278710
200525,000000,195.2100000,197.5500000,195.1100000,197.5500000,20030490
200526,000000,198.8000000,202.3000000,196.3000000,196.8600000,65940550
200527,000000,196.1000000,197.7500000,193.1500000,194.7300000,55228910
200528,000000,194.4000000,196.9800000,194.1700000,196.8600000,39920270
200529,000000,196.2500000,199.9500000,193.2000000,199.9500000,172617900
200601,000000,200.2500000,202.4700000,197.1500000,198.7200000,54163710
200602,000000,199.4800000,202.1900000,198.7200000,201.9700000,45255750
200603,000000,203.1000000,208.1500000,202.0100000,208.0000000,65058830
200604,000000,207.9900000,207.9900000,200.6000000,201.4600000,72176320
200605,000000,202.5600000,204.8400000,201.5100000,203.0500000,44798190
200608,000000,204.9500000,206.5000000,202.9700000,204.9100000,40076610
200609,000000,205.4100000,206.1000000,201.5700000,204.8400000,35361030
200610,000000,204.8800000,205.2700000,200.5300000,201.7500000,41510100
200611,000000,200.1900000,200.1900000,195.1500000,196.7400000,48834830
200615,000000,193.8500000,196.1500000,191.0000000,194.2000000,54158910
200616,000000,196.0600000,199.5900000,195.2000000,196.5900000,43322650
200617,000000,197.7200000,199.0800000,195.2100000,195.8600000,34389160
200618,000000,195.4400000,195.5700000,191.8500000,193.0000000,45807200
200619,000000,194.1700000,196.0700000,193.8200000,195.8100000,45158120
200622,000000,195.3500000,195.3500000,192.6200000,194.3000000,36763320
200623,000000,194.7800000,196.3200000,194.0000000,194.8300000,33800940
200625,000000,191.8000000,192.4800000,190.5500000,192.2500000,48747730
200626,000000,192.8000000,195.6900000,190.5100000,193.0000000,60289440
200629,000000,192.6700000,198.1000000,192.5800000,197.9400000,45797120
200630,000000,197.9000000,198.4800000,193.2400000,194.3100000,52228420
200702,000000,195.3100000,195.8400000,194.4000000,195.2800000,34114100
200703,000000,195.6500000,197.4800000,194.7700000,197.2000000,26423160
200706,000000,199.2100000,201.7500000,198.5300000,199.9900000,46417970
200707,000000,199.7000000,199.9400000,197.7500000,197.9600000,35182460
200708,000000,198.0000000,201.1900000,197.5500000,201.1700000,30730070
200709,000000,201.4800000,202.0000000,198.4000000,199.4400000,40355340
200710,000000,198.2500000,201.7000000,197.2200000,200.9400000,39028520
200713,000000,201.6000000,202.3300000,195.5000000,195.7000000,62999870
200714,000000,195.0900000,196.6500000,192.4800000,193.6000000,83060710
200715,000000,180.6000000,184.2700000,179.8000000,182.2600000,73463320
200716,000000,181.2000000,183.8000000,181.0700000,183.3200000,29409000
200717,000000,183.8000000,184.9300000,182.8700000,184.6500000,25471860
200720,000000,184.6700000,188.4100000,183.8800000,188.3600000,30010590
200721,000000,188.9900000,189.7700000,186.2500000,186.7800000,44388320
200722,000000,187.0300000,188.5900000,186.0700000,187.1500000,22767680
200723,000000,187.5000000,188.3000000,184.4000000,184.6900000,29769530
200724,000000,184.8300000,186.4500000,184.1200000,185.4500000,30313190
200727,000000,185.6000000,185.9200000,184.2000000,185.0300000,22734510
200728,000000,185.1300000,185.4600000,183.6000000,184.3000000,26633740
200729,000000,184.5000000,185.3500000,183.4200000,184.6900000,27882380
200730,000000,184.4400000,184.7300000,180.9100000,182.5200000,34011750
200731,000000,182.6000000,184.8400000,181.6100000,182.5900000,44920000
200803,000000,182.5100000,184.0300000,181.7200000,183.6000000,28651930
200804,000000,184.0600000,184.6800000,182.1700000,183.3100000,32428960
200805,000000,183.5200000,189.9800000,183.3500000,189.1500000,75423620
200806,000000,189.5600000,189.9200000,187.1300000,189.0700000,42849450
200807,000000,188.4400000,188.5700000,185.8100000,187.2300000,28808600
200810,000000,187.4900000,188.8500000,186.8300000,187.7000000,24226570
200811,000000,187.8800000,192.4000000,187.8800000,189.7000000,51902080
200812,000000,190.4700000,193.2900000,189.3200000,192.8000000,35583620
200813,000000,192.5000000,194.4400000,191.2500000,193.7600000,37819700
200814,000000,194.2500000,194.2500000,190.7100000,192.8300000,29780320
200817,000000,193.8400000,194.6800000,189.2000000,190.4700000,55677760
200818,000000,190.0700000,191.9500000,189.2500000,190.3000000,27776390
200819,000000,190.5000000,191.9900000,189.0000000,189.2600000,31452990
200820,000000,188.8000000,188.9400000,185.5800000,186.9500000,37649810
200821,000000,187.2500000,187.7900000,183.5000000,184.5100000,33830700
200824,000000,185.3700000,187.4400000,184.8400000,187.1000000,24264740
200825,000000,187.4500000,187.9900000,184.7300000,186.2500000,19552010
200826,000000,186.2200000,188.0000000,185.0000000,187.4800000,25456340
200827,000000,187.5000000,188.0100000,182.6200000,184.5800000,38183770
200828,000000,184.9600000,185.2200000,182.4800000,182.9000000,34291080
200831,000000,183.1200000,184.2800000,180.5100000,181.0100000,47459530
200901,000000,181.4000000,184.8700000,181.0100000,184.2200000,48007480
200902,000000,184.8000000,186.2900000,181.1000000,181.9500000,50239120
200903,000000,182.4000000,182.5900000,178.6000000,179.1300000,62908720
200904,000000,178.9800000,180.5600000,178.0000000,179.5500000,43008870
200907,000000,178.8200000,179.7500000,175.9400000,177.0400000,38983590
200908,000000,177.0000000,177.4300000,172.4000000,172.9500000,63837660
200909,000000,172.7800000,175.3500000,172.3300000,173.6900000,41967040
200910,000000,173.8000000,174.6400000,171.1100000,173.8000000,34012170
200911,000000,174.3300000,178.2700000,173.1000000,178.0500000,36889720
200914,000000,178.4500000,180.8000000,177.5200000,178.1900000,37563920
200915,000000,178.1300000,182.9500000,178.0100000,182.2200000,42445100
200916,000000,182.6900000,184.1600000,181.3500000,183.2600000,37370250
200917,000000,181.7800000,184.8400000,180.3400000,183.9000000,49663210
200918,000000,184.4000000,184.7000000,181.3400000,181.5200000,45215700
200921,000000,181.3600000,181.3600000,175.3600000,177.1700000,41282960
200922,000000,176.5800000,180.9000000,176.4200000,179.0000000,36380350
200923,000000,179.8100000,180.3700000,176.8100000,177.0000000,31848780
200924,000000,176.0000000,178.4900000,171.9000000,174.2300000,49687540
200925,000000,175.1200000,175.1700000,169.6000000,173.7700000,96284070
200928,000000,174.2400000,175.3800000,171.2900000,172.7400000,50397970
200929,000000,172.7600000,173.4700000,170.0000000,171.4400000,48779600
200930,000000,171.0200000,171.9800000,169.8000000,169.9700000,48605100
201001,000000,171.1800000,171.4000000,167.9700000,168.4000000,60296370
201002,000000,167.5000000,169.9500000,167.2200000,169.4700000,40191130
201005,000000,170.1200000,170.8800000,168.5800000,170.6400000,37393020
201006,000000,170.7000000,173.4100000,170.5000000,171.3500000,64082980
201007,000000,171.7500000,172.2600000,167.0400000,168.2300000,65800100
201008,000000,168.1800000,168.8600000,166.1500000,167.4300000,36621350
201009,000000,167.8000000,168.1900000,165.7700000,166.9700000,41514910
201012,000000,167.6600000,169.8000000,166.8700000,169.0500000,38899590
201013,000000,169.1300000,169.4700000,165.8200000,166.3700000,34687990
201014,000000,166.6100000,167.6300000,165.7100000,167.2400000,26679740
201015,000000,166.8500000,168.8500000,166.0000000,167.1600000,39889410
201016,000000,167.2200000,167.2500000,163.5600000,163.9800000,50402810
201019,000000,164.7600000,165.6000000,163.0000000,163.6000000,33916860
201020,000000,163.7400000,167.1200000,162.8000000,166.5300000,50468030
201021,000000,166.8000000,167.3000000,163.8700000,164.3700000,36678920
201022,000000,163.8500000,166.5300000,163.6600000,165.2700000,39939480
201023,000000,165.1500000,165.8800000,164.3900000,164.9600000,32909950
201026,000000,164.4400000,164.9600000,161.1000000,162.1700000,53436340
201027,000000,162.1800000,162.6200000,158.2100000,159.2100000,58268970
201028,000000,158.9800000,158.9900000,153.7000000,154.3000000,86858100
201029,000000,155.0800000,157.3000000,154.2000000,156.7400000,52752800
201030,000000,155.0900000,156.2000000,154.0800000,154.2800000,42661020
201102,000000,153.9600000,157.9800000,151.9000000,157.7400000,69600850
201103,000000,158.2100000,161.9200000,157.4400000,161.0900000,71067000
201105,000000,163.8100000,165.2500000,161.9900000,163.7000000,73016160
201106,000000,163.0000000,165.8400000,161.5200000,164.9200000,51633910
201109,000000,166.7200000,171.5000000,164.9000000,170.1300000,103358560
201110,000000,169.0300000,173.6400000,167.6300000,172.9200000,76531040
201111,000000,173.5000000,175.1500000,170.2600000,170.5300000,72020230
201112,000000,170.2000000,175.3000000,169.7500000,172.9100000,71917150
201113,000000,172.8800000,181.2700000,172.4200000,180.3000000,104602920
201116,000000,181.0200000,185.6200000,180.3000000,185.3200000,89217810
201117,000000,185.1000000,185.3100000,178.8300000,182.9000000,99307240
201118,000000,182.2600000,187.6900000,180.8000000,185.0000000,69101570
201119,000000,185.2000000,185.8800000,181.9200000,184.1600000,53164780
201120,000000,184.1000000,184.3600000,182.1000000,183.2100000,31836360
201123,000000,183.6400000,185.6300000,182.7700000,184.1500000,41043100
201124,000000,185.0300000,187.3000000,183.9700000,186.7600000,60674430
201125,000000,187.0100000,188.7600000,185.8500000,188.0300000,51107720
201126,000000,188.2500000,189.1000000,184.6000000,185.5200000,45706250
201127,000000,185.1300000,186.7500000,182.5600000,185.9000000,49983540
201130,000000,185.1000000,185.1400000,180.0400000,181.8900000,73156960
201201,000000,182.6000000,188.0900000,181.7800000,185.3400000,67193810
201202,000000,185.0000000,187.2400000,183.1200000,187.2200000,40191320
201203,000000,186.9800000,187.5800000,184.3700000,185.1200000,35885290
201204,000000,186.2000000,189.4200000,185.8500000,188.7900000,50684840
201207,000000,188.2200000,192.8500000,187.8000000,190.7600000,53512780
201208,000000,190.3400000,191.4500000,187.8000000,190.0000000,48382270
201209,000000,190.3000000,193.0900000,189.0500000,189.3500000,52678040
201210,000000,189.5500000,193.5100000,188.6700000,192.9500000,54318200
201211,000000,193.0500000,201.6300000,192.3100000,201.5000000,103060380
201214,000000,203.5000000,207.8500000,198.7800000,199.9100000,122788480
201215,000000,199.0100000,202.2900000,197.0500000,201.0000000,65473740
201216,000000,201.0100000,206.2000000,199.5400000,206.2000000,75214780
201217,000000,206.7000000,215.3800000,206.5100000,214.5200000,159538150
201218,000000,214.0000000,214.5000000,207.2200000,212.6900000,133717910
201221,000000,209.9100000,209.9900000,200.8000000,203.4600000,123517830
201222,000000,200.7400000,210.6800000,199.1900000,208.4000000,109794540
201223,000000,209.0000000,212.7800000,206.2000000,207.6300000,78877050
201224,000000,208.5400000,209.9600000,203.1500000,206.2400000,59081790
201225,000000,206.2000000,206.7300000,204.0100000,205.0300000,16517780
201228,000000,205.5300000,207.8600000,205.1500000,206.1100000,35038710
201229,000000,206.9500000,210.0000000,206.6100000,208.7500000,42353620
201230,000000,209.8800000,213.3800000,209.5000000,212.9800000,74667210
210104,000000,212.7100000,216.6300000,211.6400000,212.7100000,55195430
210105,000000,213.2000000,215.3800000,210.2200000,215.3200000,48913740
210106,000000,215.4800000,216.8000000,213.0700000,214.3800000,47897590
210108,000000,217.1400000,226.2400000,217.0000000,225.4900000,100717800
210111,000000,225.0500000,231.0000000,221.8100000,227.6000000,112506470
210112,000000,229.0000000,231.4400000,225.6600000,228.6900000,64309460
210113,000000,229.2900000,230.3500000,225.2000000,226.8000000,61102300
210114,000000,226.4900000,229.5700000,223.2000000,228.8600000,60003270
210115,000000,227.5000000,230.7000000,226.0000000,226.5000000,54765970
210118,000000,225.5500000,228.5000000,221.3400000,226.8800000,69147920
210119,000000,227.6600000,228.8500000,223.0000000,223.1500000,66619900
210120,000000,223.0000000,225.7800000,221.5500000,224.3000000,51248650
210121,000000,224.4000000,224.9600000,217.2200000,217.2800000,76701270
210122,000000,216.4500000,216.5000000,210.5000000,215.4900000,94721320
210125,000000,216.9000000,219.6600000,214.5300000,218.6800000,74456540
210126,000000,216.8000000,220.2900000,215.7100000,218.8000000,45114650
210127,000000,219.4900000,222.0000000,216.4400000,217.4000000,59271760
210128,000000,215.9100000,219.4900000,214.2600000,217.7000000,52341000
210129,000000,216.7500000,216.7500000,212.4700000,212.8300000,66744580
210201,000000,214.6100000,214.8700000,212.2400000,214.6600000,39314420
210202,000000,215.5000000,219.7400000,213.2500000,214.4200000,77924880
210203,000000,215.4100000,218.4200000,213.7900000,218.1000000,45974890
210204,000000,218.7100000,221.4000000,216.8800000,219.7900000,47881150
210205,000000,220.6800000,222.2100000,219.0000000,222.0100000,42127830
210208,000000,223.0600000,228.0000000,223.0000000,228.0000000,67144040
210209,000000,229.0000000,229.4900000,225.8000000,227.7300000,60518190
210210,000000,227.9800000,228.2900000,221.8000000,223.2400000,41883700
210211,000000,223.4500000,223.6700000,220.7300000,221.3500000,34480880
210212,000000,220.7800000,227.4700000,216.7700000,226.7100000,69179250
210215,000000,228.4900000,230.0000000,226.7000000,229.2200000,59793600
210216,000000,229.9500000,233.2200000,227.5700000,232.4600000,85667580
210217,000000,232.3200000,233.3500000,225.3300000,229.1400000,64532970
210218,000000,228.9800000,228.9800000,224.0100000,224.4700000,43762150
210219,000000,224.0200000,226.2600000,221.1000000,226.0000000,44854360
210220,000000,226.3500000,227.1000000,225.0000000,225.8400000,6053880
210222,000000,226.4900000,227.3000000,223.0400000,225.6300000,31412770
210224,000000,224.4200000,225.6400000,220.8500000,222.5500000,40792480
210225,000000,223.4700000,225.5000000,221.2200000,221.7000000,42722110
210226,000000,220.5600000,221.6800000,217.2000000,217.5600000,63735100
210301,000000,219.3400000,222.0100000,218.2500000,221.4700000,28373590
210302,000000,220.0000000,224.1100000,219.7600000,222.7400000,34140160
210303,000000,224.2000000,226.7900000,221.7000000,222.1500000,33225100
210304,000000,221.8800000,226.6900000,219.5000000,221.1400000,46417010
210305,000000,222.0500000,228.4200000,220.0200000,227.0000000,55786000
210309,000000,227.5100000,233.0700000,226.0500000,232.1000000,73759850
210310,000000,231.8300000,235.5000000,230.6600000,231.6900000,55372950
210311,000000,232.8300000,233.5300000,230.0700000,232.4700000,32131810
210312,000000,232.0100000,234.3900000,230.6000000,233.8000000,28819550
210315,000000,234.9800000,238.0900000,234.4600000,237.7900000,46121290
210316,000000,237.3000000,238.2300000,233.8000000,234.0200000,38029020
210317,000000,234.0000000,234.5600000,227.2100000,229.9000000,62072590
210318,000000,230.0500000,231.7900000,223.7000000,224.3500000,67581990
210319,000000,223.0500000,226.6400000,222.3700000,225.4000000,58484100
210322,000000,225.1400000,225.3400000,220.7900000,221.8800000,58491290
210323,000000,221.3500000,224.4400000,219.8100000,221.6200000,43094210
210324,000000,222.3900000,225.4500000,220.5300000,223.6500000,36700010
210325,000000,224.2000000,225.3800000,222.7000000,224.8400000,29735720
210326,000000,225.7400000,227.6000000,225.1300000,227.3000000,26672930
210329,000000,226.7900000,229.1500000,226.3100000,228.7400000,23752090
210330,000000,228.9500000,230.1000000,225.0400000,225.9300000,26818410
210331,000000,226.4000000,228.4000000,223.3200000,227.2400000,38847380
210401,000000,228.4300000,231.6700000,225.7500000,226.9400000,43823600
210402,000000,227.0000000,229.2000000,226.5400000,228.4000000,12621010
210405,000000,227.9000000,227.9200000,224.1300000,225.0600000,23919530
210406,000000,226.0100000,226.5500000,221.9100000,222.9500000,36223380
210407,000000,222.3100000,226.0100000,220.6800000,224.5100000,29483660
210408,000000,224.8400000,226.3000000,222.8800000,224.3000000,19420190
210409,000000,224.1700000,224.3000000,221.4800000,222.1500000,20902100
210412,000000,220.9500000,224.2500000,219.6000000,222.8700000,29206290
210413,000000,223.0200000,228.3300000,221.1000000,227.9900000,39063400
210414,000000,230.5800000,236.5800000,229.3100000,235.3200000,91895500
210415,000000,230.1000000,236.3900000,228.2300000,234.6300000,62531120
210416,000000,235.4900000,237.4500000,232.7000000,235.1000000,46181390
210419,000000,234.7400000,234.9000000,230.2800000,231.1700000,39712830
210420,000000,231.5800000,233.1700000,229.0000000,230.0000000,43916060
210421,000000,229.9300000,231.8000000,228.3700000,230.8400000,35493950
210422,000000,230.6800000,232.1500000,227.1400000,230.9300000,60338620
210423,000000,231.3000000,233.3000000,230.0000000,232.6200000,35447230
210426,000000,233.0200000,234.9100000,232.1600000,233.2300000,28695180
210427,000000,233.5000000,235.1400000,231.2100000,232.0000000,29275690
210428,000000,232.5500000,233.2400000,230.2000000,232.9600000,37443310
210429,000000,234.0800000,236.1800000,229.0000000,230.5100000,55599370
210430,000000,230.1100000,231.6000000,228.8600000,231.3800000,32069550
210504,000000,232.2000000,234.3000000,230.9600000,233.8000000,37916850
210505,000000,234.2100000,237.7700000,233.6900000,237.5000000,38141220
210506,000000,237.9000000,243.3200000,237.7500000,243.0000000,50375470
210507,000000,243.4900000,243.9900000,240.7800000,241.7000000,37128000
210510,000000,242.3500000,244.3000000,240.5200000,241.4100000,32389560
210511,000000,240.2000000,243.1700000,239.0500000,242.5000000,35809800
210512,000000,242.1100000,244.4200000,241.5600000,241.7900000,33270270
210513,000000,242.2500000,247.2900000,242.0500000,247.1600000,64157170
210514,000000,248.0000000,250.4000000,247.5300000,249.5500000,50267520
210517,000000,250.0000000,255.2500000,249.4500000,255.1500000,41074310
210518,000000,256.1100000,268.3800000,254.5400000,266.2200000,86151870
210519,000000,263.9000000,264.5000000,256.0000000,260.9000000,93197170
210520,000000,260.8000000,262.7800000,256.9000000,259.1600000,46502970
210521,000000,260.0400000,260.7000000,257.1200000,258.0000000,29037660
210524,000000,258.6900000,261.4700000,257.1200000,261.2400000,24616020
210525,000000,262.3300000,262.7200000,258.3100000,259.7900000,30568090
210526,000000,260.5200000,263.3300000,260.0100000,263.0900000,34571110
210527,000000,261.9800000,263.7500000,261.2200000,262.9600000,57534350
210528,000000,263.7900000,265.9300000,261.3500000,262.0000000,35266300
210531,000000,261.0000000,261.6000000,259.3000000,261.0300000,21367010
210601,000000,261.9700000,264.7600000,261.5800000,263.8600000,32746740
210602,000000,264.0500000,271.3600000,263.5500000,271.1500000,53327960
210603,000000,272.3300000,274.3000000,268.2000000,272.1000000,52795050
210604,000000,271.9200000,276.2200000,269.5800000,274.3000000,54381240
210607,000000,274.0500000,276.7000000,273.8500000,275.6700000,34226150
210608,000000,275.5000000,277.5800000,272.9100000,275.3600000,53072570
210609,000000,275.9300000,276.3900000,273.7600000,275.6500000,28255880
210610,000000,275.4000000,277.7700000,274.3200000,276.1000000,37243570
210611,000000,276.5800000,278.0000000,274.8500000,277.0500000,26611040
210614,000000,277.6200000,280.4500000,277.2200000,279.5000000,28175830
210615,000000,279.9200000,280.1400000,272.6300000,272.7200000,52220420
210616,000000,272.9900000,275.2300000,270.1200000,271.8000000,67245290
210617,000000,270.9000000,273.8900000,269.1000000,272.5000000,43611060
210618,000000,271.6100000,273.1800000,268.6500000,270.0600000,52681210
210621,000000,269.7700000,272.8600000,268.0900000,272.6200000,27431480
210622,000000,273.5200000,277.0000000,272.8900000,277.0000000,36914430
210623,000000,277.8900000,279.5600000,276.6700000,277.3500000,33546790
210624,000000,278.2000000,279.4700000,275.5000000,277.4700000,42556030
210625,000000,277.8000000,277.9200000,276.1200000,277.1900000,29702030
210628,000000,277.2300000,279.6100000,276.4300000,276.9900000,28083560
210629,000000,276.1200000,277.5000000,273.1700000,276.8000000,37588780
210630,000000,277.2800000,281.8200000,276.5000000,281.8000000,60312970
210701,000000,281.8800000,286.2500000,281.8800000,285.7400000,50045350
210702,000000,285.7000000,286.1900000,282.8000000,285.6500000,29285170
210705,000000,286.0000000,291.4900000,285.7800000,291.1000000,34201020
210706,000000,292.0000000,295.9700000,291.3400000,293.4500000,80345400
210707,000000,293.8500000,297.4800000,293.4700000,297.3900000,67043710
210708,000000,296.4500000,297.0000000,290.3300000,292.8600000,52704630
210709,000000,293.5100000,295.5800000,292.0000000,295.2200000,40962550
210712,000000,295.5300000,298.4800000,294.9000000,297.3900000,43336120
210713,000000,297.7700000,297.7700000,293.0000000,293.8300000,49180620
210714,000000,282.8800000,286.9300000,282.8800000,284.6000000,52516030
210715,000000,284.5800000,285.1100000,278.9600000,280.0100000,41716630
210716,000000,279.3800000,282.0000000,278.0000000,279.6500000,27958640
210719,000000,277.2600000,279.5100000,273.1500000,275.5100000,42536580
210720,000000,276.7900000,278.6800000,273.1000000,277.3000000,31024530
210721,000000,277.5400000,285.0100000,276.0000000,282.9000000,41055170
210722,000000,283.5000000,285.0900000,281.2100000,283.2800000,40212130
210723,000000,283.0800000,285.0000000,279.0500000,279.5100000,38260370
210726,000000,277.3700000,281.3700000,276.7000000,281.0500000,27353690
210727,000000,280.1900000,280.8300000,276.8400000,278.0800000,28452110
210728,000000,278.0500000,282.9800000,277.7000000,282.2000000,32789740
210729,000000,283.9700000,287.7500000,283.5800000,287.0000000,41127080
210730,000000,285.3700000,287.5800000,283.2800000,287.3500000,46696620
210802,000000,287.8800000,289.4800000,285.2100000,286.7500000,38297270
210803,000000,286.7700000,288.0500000,284.3400000,287.0900000,27065240
210804,000000,287.8900000,288.8000000,286.0000000,287.9400000,23599750
210805,000000,287.3100000,288.2800000,285.1600000,285.9500000,47254880
210806,000000,285.2600000,285.7200000,277.8700000,282.2700000,90600850
210809,000000,282.2300000,287.9000000,280.8000000,286.6800000,68779100
210810,000000,288.0000000,288.8000000,285.7000000,288.6100000,28839550
210811,000000,288.9200000,291.4900000,287.1200000,290.3500000,37928360
210812,000000,290.2500000,293.8100000,290.2500000,293.2300000,37564370
210813,000000,292.6500000,293.9000000,291.7500000,292.7000000,21802270
210816,000000,291.4700000,295.4800000,290.9500000,295.1000000,32273890
210817,000000,295.1300000,299.5000000,290.3200000,298.3200000,50482060
210818,000000,299.0000000,299.9500000,295.0000000,295.0500000,35531240
210819,000000,293.4900000,294.7200000,289.6800000,293.6800000,55911470
210820,000000,293.7900000,294.9000000,289.5000000,292.5700000,38594640
210823,000000,294.7000000,297.9400000,294.1000000,297.6900000,38038340
210824,000000,299.0000000,301.0000000,295.9500000,298.7000000,48940480
210825,000000,298.7100000,299.2000000,294.3700000,296.7000000,30906470
210826,000000,295.9200000,295.9700000,293.0400000,294.3400000,24990510
210827,000000,295.8100000,300.0000000,294.8100000,299.6600000,34063060
210830,000000,301.6600000,305.5000000,299.9700000,305.1700000,69849150
210831,000000,305.8300000,307.6700000,304.1000000,305.6500000,64318080
210901,000000,306.6000000,313.9500000,306.1900000,312.8900000,79410570
210902,000000,313.5900000,314.8000000,310.3000000,312.3000000,53349820
210903,000000,312.7000000,317.9600000,311.1600000,317.9400000,63637790
210906,000000,319.0000000,329.3500000,318.6000000,328.9300000,80141350
210907,000000,329.9500000,333.0000000,325.5000000,327.7300000,71864800
210908,000000,328.4900000,328.5000000,322.2200000,327.6000000,58765620
210909,000000,326.0000000,328.1400000,323.5000000,324.5700000,40361580
210910,000000,326.5500000,330.0000000,325.5000000,326.4300000,41425440
210913,000000,327.5200000,333.0000000,327.3000000,332.7500000,55356420
210914,000000,333.1300000,339.9200000,332.3600000,338.9800000,97138220
210915,000000,339.3900000,344.2000000,337.7200000,343.3400000,108811990
210916,000000,342.0000000,342.9900000,337.0300000,338.5000000,94713520
210917,000000,338.8300000,339.2900000,333.3000000,334.5000000,61454980
210920,000000,329.9700000,332.0000000,321.2600000,325.7000000,72882270
210921,000000,328.7000000,336.7800000,328.4400000,335.3000000,77355030
210922,000000,338.4000000,341.4900000,337.4000000,340.5900000,60974110
210923,000000,342.0000000,345.2000000,339.4300000,343.4700000,63445330
210924,000000,343.6700000,344.9000000,340.0000000,344.2900000,40071320
210927,000000,347.5200000,355.1900000,347.0000000,355.1900000,80950780
210928,000000,359.0000000,361.8000000,353.6800000,354.0700000,93838880
210929,000000,354.0500000,360.9400000,352.3000000,360.8800000,60144670
210930,000000,363.2600000,364.5300000,359.5300000,360.8000000,69876200
211001,000000,358.4500000,363.7800000,356.0000000,363.2500000,47529090
211004,000000,364.6700000,378.3300000,364.3000000,376.0600000,102227330
211005,000000,378.0600000,389.8200000,378.0300000,389.8200000,134521820
211006,000000,394.9800000,397.6400000,370.2500000,381.3000000,216137070
211007,000000,382.1800000,384.3000000,361.6100000,370.7000000,160398770
211008,000000,371.5000000,373.0000000,364.7700000,366.1700000,70161810
211011,000000,369.0000000,372.6100000,363.7000000,369.8100000,77995010
211012,000000,367.2600000,368.8500000,362.2500000,364.1000000,56619460
211013,000000,365.2400000,365.4400000,352.7100000,362.7700000,102086460
211014,000000,366.4000000,369.7000000,364.3500000,367.0000000,59659170
211015,000000,368.3100000,369.3500000,366.6100000,367.7600000,35816900
211018,000000,365.0100000,366.4500000,360.1500000,363.5000000,42945850
211019,000000,364.9800000,368.8300000,362.2400000,368.8300000,51429080
211020,000000,367.9000000,370.7500000,365.5000000,369.9700000,39435100
211021,000000,368.0000000,370.1900000,360.8800000,363.3700000,46351220
211022,000000,361.3800000,364.1900000,357.4800000,358.1200000,48056440
211025,000000,359.9900000,365.8400000,356.6900000,364.8400000,57268410
211026,000000,365.0400000,369.3300000,362.5400000,364.8200000,51713180
211027,000000,363.2700000,365.4900000,361.1800000,362.1700000,30579360
211028,000000,360.9600000,362.0200000,351.6200000,353.2100000,86476220
211029,000000,351.1000000,352.6000000,345.4000000,350.1800000,74862900
211101,000000,350.3000000,359.3000000,350.3000000,359.1000000,46460760
211102,000000,359.1600000,360.0000000,351.2400000,352.4800000,42925940
211103,000000,350.5500000,353.8600000,346.6200000,353.0200000,37782790
211105,000000,352.0000000,354.8000000,349.2300000,350.6000000,25553970
211108,000000,353.0000000,356.3400000,348.3400000,351.4700000,39731410
211109,000000,351.0600000,353.6100000,346.9900000,349.4600000,31015520
211110,000000,349.8700000,351.2500000,344.2000000,345.8000000,35456770
211111,000000,346.9400000,348.4300000,343.8000000,347.4400000,40212180
211112,000000,346.8400000,347.1500000,331.0000000,333.6000000,127163510
211115,000000,333.8100000,341.8100000,333.6700000,340.3000000,64140420
211116,000000,341.4800000,342.8500000,331.6100000,336.7900000,64616650
211117,000000,336.0000000,351.8200000,334.8300000,349.9800000,79007960
211118,000000,350.0500000,359.3200000,342.2800000,345.5600000,101979450
211119,000000,348.2700000,350.7300000,334.2000000,337.6200000,95994240
211122,000000,334.9900000,335.6800000,316.6600000,319.2000000,151300550
211123,000000,316.4500000,341.7700000,310.6200000,341.7700000,150432770
211124,000000,343.8700000,348.0000000,332.7500000,338.3000000,93592790
211125,000000,340.0000000,343.0000000,335.7000000,337.5500000,48702100
211126,000000,325.0000000,332.0000000,320.1000000,326.0000000,103502140
211129,000000,335.0000000,345.3300000,331.9600000,339.2000000,99152930
211130,000000,332.4800000,342.5500000,331.5000000,334.2400000,130276980
211201,000000,338.5700000,350.3700000,337.6100000,345.2100000,92906220
211202,000000,347.3000000,352.6700000,344.8000000,350.3000000,75360830
211203,000000,351.5000000,353.1300000,343.2100000,345.9900000,51627900
211206,000000,347.2700000,349.3600000,333.3500000,338.9400000,70924550
211207,000000,339.2500000,346.0000000,333.4300000,344.9600000,75507480
211208,000000,346.0000000,348.4700000,336.5300000,340.5000000,78321390
211209,000000,341.4500000,344.2000000,335.7200000,336.6000000,61406510
211210,000000,337.0200000,338.3100000,329.9800000,332.0000000,44642520
211213,000000,333.0900000,334.8800000,305.7600000,307.2600000,140577980
211214,000000,306.9900000,320.0000000,289.7800000,319.3500000,168672960
211215,000000,319.6500000,325.8300000,316.5000000,324.0900000,79742820
211216,000000,326.1800000,332.3000000,325.3800000,328.3900000,95469330
211217,000000,327.9800000,329.7000000,323.0300000,327.3000000,72099410
211220,000000,324.0000000,326.0000000,316.1100000,325.9000000,70795770
211221,000000,326.7500000,339.8800000,326.5000000,339.8800000,80061070
211222,000000,340.0100000,349.5900000,339.2900000,345.5500000,96809420
211223,000000,346.1000000,348.3200000,337.0000000,339.8100000,72129000
211224,000000,339.3000000,340.9800000,334.5500000,338.7900000,39005950
211227,000000,339.6800000,343.9700000,339.3300000,343.9700000,29925890
211228,000000,344.0400000,346.6000000,342.5500000,343.2300000,34848840
211229,000000,343.3000000,344.4800000,337.1300000,340.3300000,43005060
211230,000000,340.7500000,344.0000000,337.4000000,342.3900000,40853240
220103,000000,345.0100000,353.8800000,344.3000000,353.7300000,40057980
220104,000000,353.9900000,358.1000000,348.3500000,352.5500000,52693510
220105,000000,351.9000000,353.5000000,331.5500000,335.0000000,80969440
220106,000000,335.8000000,347.6700000,330.1100000,346.1300000,74572470
220110,000000,348.3300000,351.0000000,340.5100000,344.0000000,51047490
220111,000000,344.6800000,347.0000000,341.2700000,343.7400000,41961140
220112,000000,344.1100000,348.6400000,339.5700000,347.4300000,53443260
220113,000000,347.1100000,347.5000000,333.4900000,337.6000000,118257640
220114,000000,338.5900000,340.9600000,321.5100000,335.7600000,120546960
220117,000000,335.9100000,338.9500000,319.1700000,327.8100000,96925780
220118,000000,329.1500000,329.3000000,296.7000000,301.1100000,220096130
220119,000000,300.0000000,320.4200000,282.7200000,318.3600000,220036310
220120,000000,318.3600000,326.6900000,310.0700000,310.4200000,130261430
220121,000000,309.4900000,321.9900000,303.5000000,311.6000000,119002830
220124,000000,310.7800000,314.0000000,280.6000000,294.5900000,236346280
220125,000000,293.9000000,305.0000000,289.6200000,302.9600000,143155040
220126,000000,302.9000000,307.7000000,293.7000000,299.6000000,125060870
220127,000000,296.8500000,330.0000000,294.0000000,325.2500000,216008170
220128,000000,325.5100000,334.9000000,322.0500000,329.5800000,116166660
220131,000000,330.9200000,336.4100000,330.5200000,334.8000000,69903820
220201,000000,334.9400000,336.6300000,325.3000000,330.9500000,67998200
220202,000000,332.3900000,333.7000000,325.7000000,331.7000000,54751740
220203,000000,329.9900000,331.0000000,322.3000000,323.7500000,57592210
220204,000000,325.5000000,334.5000000,320.8800000,324.6000000,88647300
220207,000000,324.5300000,327.4400000,316.6400000,321.2500000,56290530
220208,000000,321.4500000,331.8700000,319.0000000,331.7000000,77965300
220209,000000,332.3000000,336.0000000,330.1800000,335.0800000,63254680
220210,000000,335.4100000,335.4700000,328.1000000,328.9300000,61929870
220211,000000,328.9500000,328.9500000,316.2000000,318.1000000,100750430
220214,000000,314.1000000,324.9000000,303.2500000,321.8500000,121203060
220215,000000,322.5000000,335.5000000,322.4400000,333.6000000,96875770
220216,000000,335.8600000,339.9800000,331.6200000,336.5000000,77128130
220217,000000,336.3600000,336.3600000,322.0400000,323.5100000,102149710
220218,000000,325.6000000,329.3200000,306.7000000,309.4800000,125452970
220221,000000,309.4700000,318.9000000,241.0000000,257.3000000,413243360
220222,000000,253.9500000,284.0700000,246.7000000,283.5100000,324922990
220224,000000,255.0200000,255.0200000,126.5300000,210.0000000,413550130
220225,000000,208.0100000,244.9400000,191.6000000,228.0000000,211877250
220324,000000,251.4100000,278.9000000,232.0000000,258.5100000,78576580
220325,000000,263.9900000,269.3300000,225.6000000,227.0000000,67191030
220328,000000,225.2500000,229.4500000,213.0300000,218.6000000,24680170
220329,000000,220.0000000,226.0000000,206.0000000,208.0000000,40309120
220330,000000,211.0200000,219.4100000,210.5200000,216.0000000,38559960
220331,000000,218.9800000,249.0000000,217.1000000,242.4800000,83862320
220401,000000,245.9000000,258.7000000,242.4800000,251.4000000,50423650
220404,000000,254.0400000,259.9900000,237.3100000,252.9000000,40926330
220405,000000,254.0100000,256.3900000,231.4500000,243.5000000,39850580
220406,000000,238.7300000,247.8000000,234.4100000,239.7000000,20530890
220407,000000,240.0400000,246.8000000,239.1300000,245.0000000,22367990
220408,000000,246.7900000,246.7900000,240.0000000,241.0700000,14799110
220411,000000,241.9000000,242.7800000,234.1600000,234.5500000,15637750
220412,000000,234.0000000,236.6300000,223.0000000,236.3000000,26615790
220413,000000,237.9900000,239.6400000,232.1300000,234.8700000,12663510
220414,000000,234.9000000,235.5000000,221.1000000,222.1100000,21906730
220415,000000,221.9900000,226.6500000,215.7400000,224.0000000,19933030
220418,000000,224.2900000,226.0000000,216.6000000,216.9900000,15584460
220419,000000,216.9000000,222.0000000,207.0000000,220.7200000,30669110
220420,000000,221.4300000,229.8400000,215.6300000,218.9200000,33569140
220421,000000,220.0300000,221.0000000,210.2900000,210.2900000,24292390
220422,000000,210.5000000,215.0000000,207.0100000,208.0000000,28717940
220425,000000,209.9500000,209.9500000,201.1200000,206.3500000,18767820
220426,000000,207.9700000,229.7400000,206.5400000,225.8500000,46484770
220427,000000,226.0400000,237.5000000,221.6100000,237.1500000,48219530
220428,000000,239.4000000,249.0000000,235.5000000,237.5300000,68889640
220429,000000,238.5800000,245.4300000,238.0000000,240.4000000,43392920
220504,000000,241.0100000,244.3900000,233.1200000,234.1600000,20919150
220505,000000,235.5800000,239.4000000,235.0800000,238.6000000,14781210
220506,000000,238.5000000,242.9200000,235.1000000,240.1000000,17969460
220511,000000,239.7700000,243.3500000,237.5800000,241.9900000,16477840
220512,000000,241.8800000,241.8900000,227.2200000,230.5600000,24397760
220513,000000,232.1200000,237.2000000,229.0200000,235.5200000,17291690
220516,000000,234.9900000,246.9500000,233.1100000,244.2000000,28222680
220517,000000,246.0200000,260.0000000,245.3000000,258.8000000,59981560
220518,000000,261.0200000,269.4200000,261.0000000,264.8400000,51077950
220519,000000,268.0000000,269.7800000,262.6500000,266.6800000,24769920
220520,000000,268.4600000,268.9000000,260.4100000,263.0000000,27534560
220523,000000,265.4400000,273.0000000,263.0000000,263.0000000,30528440
220524,000000,262.9900000,267.2900000,250.4000000,265.8000000,52284340
220525,000000,268.4000000,271.6600000,263.8000000,271.4000000,37448790
220526,000000,273.0000000,298.3100000,245.0000000,295.8900000,146238060
220527,000000,300.0000000,305.0000000,293.5300000,294.5000000,53491660
220530,000000,298.6400000,302.0000000,296.2800000,300.8000000,30751410
220531,000000,301.8700000,302.0000000,293.5100000,293.7500000,19483010
220601,000000,293.5100000,299.5000000,290.2500000,297.6900000,22504010
220602,000000,297.7000000,299.3300000,294.9000000,296.0000000,16674500
220603,000000,296.1000000,297.2400000,291.0000000,297.0000000,18742740
220606,000000,298.0000000,299.0000000,295.1200000,296.5000000,14699600
220607,000000,297.3700000,298.6900000,294.5200000,297.9900000,15656500
220608,000000,298.8000000,309.6000000,298.1600000,308.0000000,40345320
220609,000000,309.9700000,310.5200000,303.2000000,306.5000000,26287360
220610,000000,306.4800000,310.9800000,305.0600000,309.2000000,20321460
220614,000000,308.9800000,322.7700000,307.0000000,317.6900000,47441270
220615,000000,318.9900000,322.9900000,314.1100000,316.2000000,33652300
220616,000000,316.5500000,318.2500000,314.5000000,316.9900000,23466240
220617,000000,317.5800000,317.7000000,313.5000000,315.5000000,13072610
220620,000000,316.0700000,318.0000000,311.0000000,311.9800000,21010920
220621,000000,312.3100000,312.8600000,300.7700000,301.5800000,50618050
220622,000000,300.1000000,301.9100000,294.3600000,295.8000000,48668440
220623,000000,295.8100000,304.6000000,291.1000000,303.5000000,46696840
220624,000000,304.1000000,307.4500000,295.5500000,296.0000000,35835180
220627,000000,296.0000000,299.8000000,295.1000000,296.2000000,22091320
220628,000000,296.8000000,303.8800000,293.2200000,297.2000000,39920600
220629,000000,297.9100000,300.7800000,293.8000000,297.6500000,34110040
220630,000000,299.6000000,310.8200000,200.0000000,207.0000000,307937340
220701,000000,200.8400000,201.8500000,186.2000000,192.5000000,113621040
220704,000000,191.9800000,195.4400000,181.2000000,186.2500000,82829080
220705,000000,186.3000000,199.8700000,185.2000000,197.3000000,75951460
220706,000000,197.7800000,205.7800000,194.4400000,195.4200000,82287890
220707,000000,195.4500000,199.4700000,192.3600000,197.9200000,43640940
220708,000000,200.0100000,201.8700000,196.5700000,198.0000000,28708030
220711,000000,198.0100000,199.4300000,188.7900000,188.9000000,46480130
220712,000000,189.1800000,193.0000000,184.0000000,191.4000000,46422510
220713,000000,191.2000000,194.0000000,185.3000000,186.0000000,33168820
220714,000000,186.3000000,188.1000000,183.1100000,184.5500000,29072130
220715,000000,184.7000000,188.9000000,183.2200000,187.6100000,22991690
220718,000000,188.9100000,189.5000000,185.5200000,186.7000000,16920940
220719,000000,186.1000000,189.6000000,184.6000000,189.5100000,22570310
220720,000000,190.0100000,195.8000000,190.0000000,193.3000000,43995650
220721,000000,194.6500000,195.4500000,188.0000000,189.5900000,27751520
220722,000000,189.3000000,192.9500000,188.6000000,192.2500000,17804370
220725,000000,192.6100000,194.6500000,190.5600000,192.0000000,22091280
220726,000000,192.0000000,194.4900000,191.2000000,193.9500000,19947370
220727,000000,194.5100000,197.5000000,194.1000000,196.4900000,28307100
220728,000000,198.0300000,198.7900000,195.0000000,196.2500000,21848760
220729,000000,196.2000000,196.8000000,193.5000000,195.2600000,14108820
220801,000000,194.5000000,194.6900000,192.0000000,192.0000000,13034930
220802,000000,191.5600000,191.6800000,186.8000000,187.1600000,24267570
220803,000000,187.5900000,188.9700000,186.3100000,187.0400000,12005960
220804,000000,187.0400000,187.2200000,184.3000000,184.9000000,13313950
220805,000000,184.7500000,185.6200000,175.7500000,176.5800000,49069120
220808,000000,180.0000000,181.8200000,177.2500000,177.8600000,32498370
220809,000000,178.0100000,181.3800000,175.2000000,181.0400000,24395270
220810,000000,181.0300000,182.3300000,178.5300000,178.8100000,20411200
220811,000000,179.4700000,180.6300000,173.5100000,174.1000000,26740660
220812,000000,174.5000000,175.8800000,172.2900000,174.3600000,20387000
220815,000000,174.0600000,175.5000000,172.4000000,174.8000000,18459840
220816,000000,175.4000000,181.6100000,174.7000000,181.3000000,33028840
220817,000000,181.9000000,182.4900000,176.4000000,176.5000000,24163520
220818,000000,176.4000000,179.3700000,175.5000000,178.8700000,16013520
220819,000000,178.7800000,178.9000000,176.6000000,177.6000000,9186770
220822,000000,177.4000000,182.2000000,176.8800000,181.7000000,22743510
220823,000000,182.2800000,185.8000000,182.1000000,184.3000000,26881370
220824,000000,184.6900000,186.6600000,182.1900000,182.8300000,17546040
220825,000000,183.0100000,184.6000000,180.8000000,181.9000000,14878330
220826,000000,181.8000000,184.2000000,180.5000000,183.6200000,12987730
220829,000000,183.1400000,190.0000000,182.6500000,190.0000000,30524050
220830,000000,190.4500000,204.2000000,190.4500000,204.0000000,112456600
220831,000000,241.8200000,275.9600000,241.8200000,254.9000000,239153230
220901,000000,258.0000000,259.8500000,247.6200000,249.1100000,83245830
220902,000000,249.6700000,253.9500000,246.2200000,252.8000000,37717530
220905,000000,251.0000000,252.1100000,248.5500000,250.0000000,30105590
220906,000000,249.9900000,250.2000000,241.0000000,246.0000000,51474990
220907,000000,245.8000000,245.8000000,241.5500000,241.5500000,31427210
220908,000000,241.5500000,245.3000000,237.8400000,243.9500000,39048150
220909,000000,244.4100000,247.2000000,242.1600000,245.3400000,27159830
220912,000000,243.9800000,247.0000000,241.0600000,243.3000000,31161380
220913,000000,243.9000000,245.2900000,241.8000000,242.6400000,21615440
220914,000000,242.2900000,243.3900000,240.0000000,243.3200000,19813560
220915,000000,243.3300000,244.3000000,241.9100000,243.6800000,22149890
220916,000000,243.6700000,248.2000000,241.8300000,243.8000000,37338570
220919,000000,243.2000000,245.9100000,242.7100000,244.2100000,21276160
220920,000000,242.3500000,243.4500000,200.0100000,221.1500000,212899230
220921,000000,196.4900000,218.7800000,192.0000000,214.0700000,98217480
220922,000000,215.1800000,237.7700000,215.1800000,231.4500000,126395250
220923,000000,233.4000000,234.5000000,222.2200000,224.8400000,62751550
220926,000000,219.8700000,221.9000000,200.6200000,206.0000000,103489990
220927,000000,211.2000000,217.3600000,207.1200000,217.3000000,81170240
220928,000000,216.9700000,223.7000000,208.6600000,217.3800000,83279880
220929,000000,219.5000000,226.8000000,210.5100000,226.4600000,70015930
220930,000000,231.6800000,238.7200000,189.4200000,217.7000000,245511710
221003,000000,219.0000000,220.5500000,213.6300000,215.8300000,50567310
221004,000000,216.4900000,216.7000000,208.8000000,210.7200000,49717960
221005,000000,211.4600000,211.4900000,202.8500000,209.0500000,53159360
221006,000000,210.0200000,216.8800000,209.0600000,212.8600000,51618400
221007,000000,212.8400000,212.8400000,195.0100000,195.1500000,101491840
221010,000000,164.9800000,166.0000000,137.1000000,163.8900000,116857160
221011,000000,163.9000000,165.2000000,159.6200000,162.8900000,33206270
221012,000000,163.5000000,164.0000000,160.3100000,161.8000000,18161310
221013,000000,161.6700000,162.4500000,159.4800000,160.8400000,19824510
221014,000000,161.0200000,161.1600000,158.6400000,159.6000000,15371250
221017,000000,159.9500000,163.8000000,159.6000000,163.2400000,26789710
221018,000000,163.9600000,164.6400000,159.1000000,160.2000000,20696090
221019,000000,159.3100000,161.5000000,157.4000000,161.2900000,23579940
221020,000000,161.6900000,162.4800000,160.1500000,160.7500000,14349680
221021,000000,159.9900000,169.9600000,159.0300000,166.9900000,35497600
221024,000000,167.9000000,168.8800000,164.8200000,165.4700000,25842880
221025,000000,166.0000000,174.6900000,164.2200000,172.3800000,47557000
221026,000000,173.3100000,173.4200000,168.7000000,171.9800000,34526830
221027,000000,172.5000000,173.9800000,171.3000000,172.4700000,23281230
221028,000000,171.9900000,172.3500000,169.4100000,170.7300000,29704580
221031,000000,170.7400000,171.5000000,169.2100000,170.2700000,15987960
221101,000000,170.8900000,171.2900000,169.7500000,169.9200000,16772810
221102,000000,169.9900000,170.4500000,167.1000000,167.7200000,18450560
221103,000000,167.1000000,169.6500000,166.6800000,169.1400000,18086420
221107,000000,171.0200000,171.5900000,169.5200000,169.8500000,21765300
221108,000000,170.0500000,172.0000000,169.1700000,169.9700000,25244620
221109,000000,169.8400000,170.3200000,166.1500000,167.1000000,19082490
221110,000000,167.5000000,170.1800000,167.1800000,168.9000000,23909580
221111,000000,169.2900000,170.6000000,167.5100000,169.8600000,16579520
221114,000000,170.8300000,171.9200000,166.5100000,169.6000000,30006030
221115,000000,171.1000000,171.3000000,161.7900000,166.2500000,32944690
221116,000000,166.7500000,169.1500000,166.6200000,168.7600000,14010380
221117,000000,168.8100000,169.8000000,168.0100000,168.9900000,10907230
221118,000000,169.2000000,169.2500000,167.5100000,168.7900000,10088970
221121,000000,168.6000000,168.6700000,167.0000000,168.1300000,10275320
221122,000000,167.8900000,168.5000000,167.4500000,168.0800000,9940350
221123,000000,168.2500000,170.6000000,167.5000000,169.1500000,18356940
221124,000000,169.4100000,170.8700000,168.6000000,168.9600000,10795920
221125,000000,169.2000000,169.5300000,168.1000000,169.0300000,10156450
221128,000000,167.9500000,168.6700000,167.5200000,168.1000000,9481790
221129,000000,168.5700000,169.0000000,167.9200000,168.1000000,9784640
221130,000000,167.9800000,168.1900000,167.6000000,167.7000000,11821140
221201,000000,168.0000000,168.7600000,166.3100000,166.9800000,11949730
221202,000000,167.0000000,167.1900000,164.1800000,165.8600000,20370600
221205,000000,165.5800000,167.2000000,164.5800000,165.0300000,12255370
221206,000000,165.0300000,165.6800000,163.1200000,164.3000000,13466500
221207,000000,164.2800000,164.3300000,162.7000000,163.7000000,11210710
221208,000000,163.6700000,163.9900000,162.7100000,163.0000000,8836290
221209,000000,163.0000000,163.4800000,162.4000000,162.7500000,8304900
221212,000000,163.2400000,163.8100000,161.8500000,162.8900000,13133750
221213,000000,162.9800000,163.4400000,162.0000000,162.4000000,8460120
221214,000000,162.2100000,162.4900000,160.2500000,160.7400000,13878450
221215,000000,160.7500000,161.2500000,157.7200000,160.3100000,22006180
221216,000000,160.3000000,162.4800000,159.9500000,160.2400000,13711020
221219,000000,159.9100000,160.1200000,157.0000000,157.6100000,19274460
221220,000000,157.4800000,159.4500000,157.3800000,158.9400000,15640340
221221,000000,159.4400000,160.0000000,156.5000000,157.5900000,16484550
221222,000000,157.7000000,159.0000000,157.1200000,157.9500000,10548120
221223,000000,157.9600000,162.5000000,157.2200000,160.8900000,23289210
221226,000000,161.7400000,163.1000000,160.8000000,162.1200000,15107620
221227,000000,162.4200000,164.9800000,161.9800000,164.0700000,20324380
221228,000000,164.2200000,164.7900000,161.8100000,161.8200000,13592880
221229,000000,161.8000000,163.3800000,161.7400000,162.9100000,9204120
221230,000000,162.9100000,164.0000000,161.8000000,162.5600000,11637250
230103,000000,163.0200000,164.3600000,162.3300000,163.5200000,6366490
230104,000000,163.4600000,163.4600000,162.0600000,162.5100000,6656380
230105,000000,162.5100000,162.8500000,160.7100000,161.2000000,7599140
230106,000000,161.2000000,162.5900000,161.1000000,162.1000000,5240800
230109,000000,162.9800000,163.4900000,161.8800000,162.7100000,9706960
230110,000000,162.7200000,162.9800000,161.4400000,162.1000000,7342060
230111,000000,162.0900000,167.1900000,161.7000000,165.8300000,25239300
230112,000000,165.7100000,165.7900000,163.7500000,164.1700000,11337740
230113,000000,164.3000000,165.7300000,163.5000000,164.5600000,12244240
230116,000000,165.1000000,166.8000000,164.9000000,165.8000000,14664800
230117,000000,165.8200000,165.9200000,162.0000000,162.3300000,18054520
230118,000000,162.5300000,163.9600000,160.8100000,162.1800000,14445400
230119,000000,161.9800000,162.4900000,160.0100000,160.5300000,15603390
230120,000000,160.6000000,161.4500000,158.5500000,158.8500000,16500690
230123,000000,158.9000000,160.4900000,158.2000000,160.0600000,15042680
230124,000000,160.2200000,160.8300000,157.4400000,157.8800000,16613760
230125,000000,157.9000000,159.1300000,156.7100000,158.9900000,15559500
230126,000000,159.1400000,159.4300000,157.1300000,157.5800000,12370220
230127,000000,157.5900000,159.3300000,156.9100000,159.0800000,12287180
230130,000000,159.0900000,159.6700000,157.7000000,158.4100000,10696630
230131,000000,158.4100000,160.0000000,158.0000000,158.1000000,15118140
230201,000000,158.3400000,158.6600000,157.5400000,158.1200000,14197160
230202,000000,158.3500000,158.5900000,157.3100000,158.1000000,11959060
230203,000000,158.0500000,163.9600000,156.7600000,160.8700000,69499700
230206,000000,160.7000000,161.7600000,158.9100000,160.1400000,28018270
230207,000000,160.4700000,161.3500000,159.5100000,159.8700000,13928790
230208,000000,160.0700000,160.4200000,157.8200000,158.1800000,16663910
230209,000000,158.5000000,160.4400000,157.6000000,159.1900000,27640740
230210,000000,159.0500000,159.4600000,158.3200000,158.6800000,9833880
230213,000000,159.4500000,159.4700000,158.0000000,158.0100000,11302230
230214,000000,157.9800000,158.1000000,155.1300000,156.5200000,18579460
230215,000000,156.0600000,156.0700000,150.6000000,153.0900000,27517910
230216,000000,154.0400000,154.5000000,151.6200000,153.5600000,17282360
230217,000000,153.3900000,155.0800000,152.8300000,153.6200000,13247310
230220,000000,153.6300000,154.3000000,151.6200000,153.2400000,15286620
230221,000000,153.6200000,156.4300000,153.6200000,154.9700000,21377910
230222,000000,154.8500000,156.4000000,153.5000000,155.3100000,11636880
230224,000000,155.5200000,156.9800000,153.7200000,154.2200000,9964650
230227,000000,153.9000000,157.3000000,153.5000000,156.3400000,17065610
230228,000000,156.4100000,158.0900000,155.5600000,157.6600000,18405580
230301,000000,158.0000000,164.5600000,157.9900000,164.5000000,67692980
230302,000000,164.1500000,164.3400000,159.5000000,160.9000000,53089640
230303,000000,161.2000000,163.3000000,160.9000000,162.2700000,21275460
230306,000000,163.2000000,164.3000000,162.5200000,163.3500000,19403570
230307,000000,163.7500000,163.8500000,162.0000000,162.5700000,13838340
230309,000000,162.2200000,163.1800000,161.1200000,161.2100000,13924340
230310,000000,160.5000000,161.2900000,159.5100000,160.0400000,17122900
230313,000000,160.3500000,161.6200000,158.3000000,159.0300000,20191630
230314,000000,158.8900000,161.4000000,158.5500000,161.0000000,17487600
230315,000000,161.5000000,162.4800000,158.0500000,159.6800000,24880090
230316,000000,159.8100000,160.8300000,158.5000000,159.7100000,20909390
230317,000000,160.1900000,164.4100000,159.8500000,163.2900000,41646910
230320,000000,164.3400000,176.8600000,164.1400000,175.7000000,127825560
230321,000000,176.0000000,177.2500000,168.6600000,170.5500000,107145180
230322,000000,170.0000000,171.3800000,167.7000000,168.7200000,38726040
230323,000000,168.7200000,169.7100000,167.8200000,168.8400000,18693600
230324,000000,169.1200000,169.4900000,168.0100000,169.0300000,14753150
230327,000000,170.1600000,173.2500000,169.7400000,172.3300000,35848790
230328,000000,172.9000000,172.9200000,169.1000000,171.0700000,27017460
230329,000000,171.5700000,172.5000000,169.4100000,170.9500000,22407700
230330,000000,170.7600000,171.8000000,170.0200000,171.7100000,14686140
230331,000000,172.0000000,172.7100000,168.1400000,169.8300000,31308340
230403,000000,170.9800000,171.5000000,169.0000000,170.3800000,22589900
230404,000000,170.9900000,176.0000000,170.1400000,172.5500000,73142470
230405,000000,172.5500000,174.4800000,170.5800000,173.8600000,32845910
230406,000000,174.0200000,175.0000000,171.3000000,171.6000000,30208000
230407,000000,171.5100000,173.1800000,171.2900000,173.0900000,17663050
230410,000000,173.5800000,175.2000000,173.2300000,174.5400000,23255110
230411,000000,175.4500000,182.5000000,175.2000000,177.1800000,118049930
230412,000000,178.3000000,179.7800000,175.5500000,178.7500000,37304200
230413,000000,179.1000000,180.5900000,176.8000000,178.7300000,30746270
230414,000000,179.0100000,180.1000000,177.1000000,179.5000000,20334900
230417,000000,180.7800000,182.1500000,180.0800000,181.9900000,28588810
230418,000000,182.3100000,184.9700000,182.0000000,184.3900000,41445490
230419,000000,184.3000000,185.3200000,180.3000000,182.0100000,47887740
230420,000000,182.0400000,182.7200000,178.6400000,181.7400000,38589720
230421,000000,181.9900000,183.4900000,181.2100000,181.7200000,20901740
230424,000000,181.4000000,183.8800000,170.6300000,181.5600000,44127930
230425,000000,181.5000000,182.1100000,178.0000000,178.9300000,29237670
230426,000000,179.0500000,179.8400000,178.0300000,178.3800000,16580980
230427,000000,178.2300000,184.8700000,177.6200000,183.9500000,49246900
230428,000000,184.3900000,185.0000000,179.6400000,181.1300000,38771730
230502,000000,181.0100000,181.8600000,175.8000000,177.9700000,33059500
230503,000000,177.7500000,177.7900000,172.1500000,172.8700000,37646830
230504,000000,173.2900000,174.2400000,172.0100000,173.6600000,20437970
230505,000000,173.6600000,175.4800000,171.1600000,172.0900000,22672500
230508,000000,172.6100000,172.9100000,170.6500000,170.8400000,11426650
230510,000000,171.2900000,176.7400000,171.1200000,175.5300000,50901940
230511,000000,176.1600000,178.1100000,171.6100000,174.1300000,50308880
230512,000000,174.2900000,175.0000000,172.6100000,173.9500000,23410060
230515,000000,174.6800000,179.8300000,173.2000000,179.0400000,56084500
230516,000000,179.9000000,181.8000000,176.7300000,177.0500000,50902520
230517,000000,176.9000000,178.3800000,174.7200000,176.3000000,36872580
230518,000000,176.4500000,177.6200000,174.6000000,175.2600000,33995920
230519,000000,174.9400000,175.0900000,172.8600000,174.4300000,31770840
230522,000000,175.2300000,175.5000000,170.8500000,172.4700000,43798910
230523,000000,172.8000000,179.6000000,165.1000000,166.5900000,180700580
230524,000000,165.5200000,166.3000000,161.8400000,162.9600000,65676280
230525,000000,162.9900000,163.0000000,160.4700000,162.3000000,39317560
230526,000000,162.0100000,165.4000000,161.6900000,164.4800000,37620060
230529,000000,165.9000000,167.0500000,162.4500000,163.6000000,33787460
230530,000000,162.1500000,165.4000000,161.5000000,161.9000000,40493030
230531,000000,161.5100000,163.3000000,160.9000000,162.9400000,22953300
230601,000000,162.8800000,163.4700000,161.5000000,161.5500000,18685930
230602,000000,161.4200000,163.4000000,161.1000000,162.5800000,16747210
230605,000000,162.5800000,164.6000000,161.6000000,162.4700000,29540180
230606,000000,162.1900000,163.8500000,161.6900000,163.1600000,18258170
230607,000000,163.2400000,165.8700000,162.6700000,164.6500000,32410480
230608,000000,164.6900000,166.6000000,164.1400000,166.1800000,21594140
230609,000000,166.4800000,167.8100000,164.9400000,165.5800000,20692240
230613,000000,165.6500000,168.5400000,165.6500000,168.4300000,23177410
230614,000000,168.6400000,169.3800000,167.0100000,167.8800000,18693460
230615,000000,168.0400000,172.0000000,166.6600000,171.8600000,45098230
230616,000000,171.8500000,172.4600000,169.2200000,169.8700000,25264320
230619,000000,170.2600000,171.5000000,168.3000000,170.1900000,23426210
230620,000000,170.0600000,170.9700000,168.4200000,169.6400000,18378730
230621,000000,170.1700000,171.7800000,169.1600000,170.2000000,19171590
230622,000000,170.0600000,170.5500000,167.7300000,168.4100000,17226270
230623,000000,168.1900000,168.9400000,165.2100000,165.8000000,31186940
230626,000000,167.5400000,168.6000000,165.0000000,166.9100000,27621220
230627,000000,167.4400000,167.4500000,166.0000000,166.4500000,13916850
230628,000000,166.7000000,168.6400000,166.0500000,168.0500000,16785860
230629,000000,168.0800000,169.8900000,167.5000000,167.8800000,18349390
230630,000000,167.2000000,167.7000000,166.3000000,166.8600000,15553610
230703,000000,167.2800000,167.8000000,166.7000000,166.8200000,10659530
230704,000000,166.8900000,167.0000000,165.2600000,165.5000000,14883150
230705,000000,166.0300000,166.6500000,165.0200000,165.7100000,14556240
230706,000000,166.0100000,167.2800000,165.9100000,166.3600000,15350100
230707,000000,166.5000000,166.8100000,165.8000000,166.3400000,10239310
230710,000000,167.6000000,168.7500000,166.9300000,167.5900000,19389130
230711,000000,167.6900000,169.0000000,167.1200000,168.8500000,16259520
230712,000000,168.9900000,170.7900000,168.9300000,170.3000000,24532220
230713,000000,170.5400000,170.9300000,168.1200000,168.9600000,19885990
230714,000000,168.5600000,170.0000000,168.3000000,169.7000000,12040500
230717,000000,169.0100000,171.6000000,168.6100000,170.6300000,24496770
230718,000000,171.0100000,175.2700000,170.6700000,174.8900000,47496860
230719,000000,175.4900000,175.7000000,172.5100000,173.0400000,32386340
230720,000000,172.6800000,173.1900000,168.5500000,169.9200000,29107570
230721,000000,170.3500000,171.9700000,169.7700000,171.1900000,16784020
230724,000000,171.3200000,172.5000000,170.6900000,171.9800000,15232450
230725,000000,172.2000000,172.7000000,171.4000000,171.8600000,13962990
230726,000000,171.8600000,171.9300000,170.3100000,171.3500000,14902060
230727,000000,171.6400000,173.1000000,171.3500000,172.0000000,16962540
230728,000000,171.9800000,172.4000000,170.0000000,171.4400000,15588280
230731,000000,171.9800000,175.1400000,171.8000000,174.3300000,40388810
230801,000000,175.0900000,175.4400000,172.3800000,173.2100000,35312250
230802,000000,172.8800000,175.2100000,172.5000000,174.0700000,34714930
230803,000000,173.9300000,177.3500000,173.1500000,177.1000000,60783710
230804,000000,176.9600000,177.8800000,172.8000000,173.4600000,65863620
230807,000000,174.2600000,175.3000000,171.0500000,172.5200000,31725840
230808,000000,172.2000000,173.6400000,170.6000000,172.7100000,29034730
230809,000000,173.4500000,175.0000000,171.6900000,174.5100000,31494610
230810,000000,175.2300000,177.1000000,175.0000000,176.6500000,50671340
230811,000000,176.7900000,177.0000000,175.2100000,176.3500000,23483310
230814,000000,178.0000000,183.8900000,175.5300000,177.0900000,162952550
230815,000000,175.5300000,179.3500000,175.0200000,176.1600000,70354940
230816,000000,176.2600000,177.1000000,172.9000000,174.1400000,48750420
230817,000000,174.7000000,174.9500000,172.8000000,174.1400000,25770030
230818,000000,174.3000000,175.7100000,173.1200000,175.4800000,19414660
230821,000000,176.2400000,177.7000000,175.7600000,176.3600000,26984890
230822,000000,176.4900000,177.0000000,175.1800000,176.4800000,18173530
230823,000000,176.7700000,176.9300000,173.0200000,173.6500000,29075620
230824,000000,174.0800000,175.9200000,173.6200000,174.9700000,16604060
230825,000000,175.0600000,175.3500000,174.1100000,174.7000000,16885590
230828,000000,174.7800000,176.8000000,174.7800000,176.2000000,25035260
230829,000000,176.3700000,181.3700000,175.5000000,178.6900000,100325680
230830,000000,178.8800000,178.8800000,176.7700000,177.4700000,37286770
230831,000000,177.9900000,179.1400000,177.1500000,177.9900000,26327950
230901,000000,178.0900000,178.8500000,177.6000000,178.2200000,17174350
230904,000000,179.3200000,181.8100000,178.8400000,181.1100000,46180460
230905,000000,181.2000000,182.8000000,179.0000000,182.4800000,57207080
230906,000000,183.2000000,184.0000000,180.6300000,180.9600000,45410150
230907,000000,180.9500000,181.6800000,176.5000000,177.6400000,51458370
230908,000000,177.9600000,178.1700000,175.5100000,175.9500000,30508560
230911,000000,176.0200000,177.4400000,174.0200000,174.6400000,26883730
230912,000000,175.2300000,177.7000000,174.8000000,177.6200000,23229550
230913,000000,177.8000000,178.0000000,174.3000000,174.9400000,23868320
230914,000000,175.2000000,175.3900000,173.0600000,173.5200000,35281720
230915,000000,173.5000000,174.7600000,173.2500000,173.7900000,18868930
230918,000000,174.4800000,174.6600000,172.0500000,172.8000000,20481720
230919,000000,172.9900000,173.9400000,168.6000000,168.9300000,43194470
230920,000000,169.3000000,170.2500000,167.1000000,169.1100000,34206030
230921,000000,168.5500000,169.3800000,165.7200000,165.8500000,30316740
230922,000000,166.1500000,167.0000000,165.1000000,166.7000000,22531980
230925,000000,166.7100000,168.0500000,165.2000000,165.8700000,24208290
230926,000000,165.8300000,165.8500000,163.5100000,165.3600000,26705860
230927,000000,165.7500000,166.9200000,165.1100000,165.5300000,18500170
230928,000000,165.8100000,169.7700000,165.3100000,169.5800000,28813860
230929,000000,169.1800000,170.3900000,166.6000000,167.0900000,35820090
231002,000000,167.7900000,168.8600000,165.5100000,166.0800000,24340960
231003,000000,166.0000000,167.2500000,164.8100000,166.7500000,17332720
231004,000000,166.6100000,167.5900000,165.1500000,165.4000000,20139060
231005,000000,165.6100000,166.1000000,164.8400000,166.0600000,15209950
231006,000000,166.3000000,166.8600000,165.1000000,166.5900000,18264830
231009,000000,167.3000000,167.9700000,166.6200000,167.0600000,21651710
231010,000000,167.3800000,168.8000000,166.8600000,168.0300000,18529510
231011,000000,168.5100000,171.4000000,167.3000000,167.8900000,59934340
231012,000000,167.9000000,169.8000000,167.4000000,169.5000000,31774850
231013,000000,169.8800000,170.7900000,167.1500000,170.2000000,38531310
231016,000000,170.5100000,172.9100000,170.5100000,172.5500000,41331360
231017,000000,172.7300000,173.3000000,171.0300000,171.9700000,26708000
231018,000000,172.6800000,172.6800000,168.7000000,170.1800000,31746140
231019,000000,169.9500000,171.0000000,168.3000000,170.3800000,31661350
231020,000000,170.3800000,172.1500000,169.1200000,171.3900000,25318740
231023,000000,171.8000000,172.4400000,169.9000000,170.3900000,19890180
231024,000000,170.4200000,171.2400000,169.7600000,170.1900000,16087260
231025,000000,170.2100000,170.5000000,169.0000000,169.6200000,18075570
231026,000000,169.9600000,170.4700000,168.4000000,168.4500000,21053800
231027,000000,168.3700000,169.4500000,167.1700000,167.2600000,21518590
231030,000000,167.2700000,168.4400000,166.3500000,167.1600000,16389060
231031,000000,167.1600000,168.4200000,166.7000000,167.8800000,17206810
231101,000000,167.8800000,170.2300000,167.8300000,170.0800000,21089710
231102,000000,170.3400000,171.3100000,168.0000000,168.1800000,26449760
231103,000000,168.2200000,170.0000000,167.5000000,169.1900000,16627750
231106,000000,169.1800000,170.2900000,168.8300000,169.4800000,9319190
231107,000000,169.1200000,169.9800000,167.2000000,168.5300000,21792090
231108,000000,168.8000000,169.4400000,168.4700000,168.4900000,15352990
231109,000000,168.4900000,169.6300000,167.5800000,168.1600000,20996900
231110,000000,168.2400000,168.4800000,167.6200000,168.2500000,12973300
231113,000000,168.2500000,168.8900000,167.7000000,167.8500000,13581700
231114,000000,167.2700000,167.2900000,165.6200000,165.8600000,25262960
231115,000000,165.8600000,167.0000000,165.5200000,166.4600000,12794320
231116,000000,166.4000000,166.8100000,165.2000000,165.4800000,12922700
231117,000000,165.4500000,165.7400000,163.4800000,165.3100000,24120540
231120,000000,165.2400000,166.6400000,164.6400000,165.5100000,12629890
231121,000000,165.3900000,165.6800000,164.5000000,165.1500000,11402940
231122,000000,165.3400000,166.2000000,164.8200000,165.3700000,11524190
231123,000000,165.3700000,165.6900000,164.0200000,164.1100000,10765740
231124,000000,164.2600000,165.1900000,164.1000000,164.7100000,13563230
231127,000000,165.1000000,165.3700000,162.0100000,162.7900000,23665130
231128,000000,162.8200000,164.8300000,161.5500000,164.2100000,16806780
231129,000000,164.0000000,165.6300000,162.7100000,163.1700000,17297850
231130,000000,163.1700000,164.6200000,162.1200000,163.2300000,12305730
231201,000000,163.2200000,164.2200000,162.5600000,162.6100000,10923950
231204,000000,162.4700000,162.4800000,159.8100000,160.0100000,21906450
231205,000000,160.3000000,161.4400000,159.1000000,160.4600000,15001770
231206,000000,160.7300000,161.4100000,158.5000000,158.7400000,15501300
231207,000000,158.8700000,164.7700000,157.2600000,163.3800000,48519210
231208,000000,163.8900000,164.1700000,160.5000000,161.5000000,20172760
231211,000000,161.4500000,167.1400000,160.1900000,164.8700000,53013420
231212,000000,164.8700000,165.5400000,161.8200000,162.4600000,25358320
231213,000000,161.9700000,164.5000000,161.8200000,163.9200000,13358800
231214,000000,164.1200000,164.7600000,160.8100000,160.8900000,16968840
231215,000000,161.1300000,164.4200000,161.0200000,164.2000000,23888840
231218,000000,165.0000000,167.3200000,164.9900000,167.0000000,33032970
231219,000000,167.1000000,168.8900000,165.1200000,165.4800000,38389440
231220,000000,165.3300000,165.3300000,163.1200000,163.5600000,27570870
231221,000000,163.3000000,163.7100000,161.1900000,161.5700000,26442660
231222,000000,161.9200000,163.2000000,161.6200000,162.0900000,15391770
231225,000000,162.4900000,162.7700000,160.4000000,161.0900000,22372720
231226,000000,161.3300000,161.8000000,160.7700000,161.0000000,18570500
231227,000000,161.2000000,161.4000000,159.8100000,159.8600000,23711980
231228,000000,159.9500000,160.3800000,158.2200000,159.1400000,24851430
231229,000000,159.4900000,160.7900000,159.1400000,159.5200000,19239480
