<DATE>,<TIME>,<OPEN>,<HIGH>,<LOW>,<CLOSE>,<VOL>
200103,000000,2712.2000000,2718.0000000,2677.4000000,2685.0000000,263527
200106,000000,2682.2000000,2682.2000000,2650.6000000,2672.0000000,226702
200108,000000,2663.8000000,2707.0000000,2636.2000000,2677.0000000,252503
200109,000000,2685.0000000,2737.2000000,2683.4000000,2728.4000000,306731
200110,000000,2728.6000000,2760.0000000,2700.2000000,2725.0000000,308125
200113,000000,2713.4000000,2729.8000000,2692.0000000,2703.4000000,330909
200114,000000,2719.0000000,2750.0000000,2683.8000000,2685.0000000,468516
200115,000000,2677.0000000,2708.4000000,2660.0000000,2690.0000000,415484
200116,000000,2678.2000000,2869.2000000,2673.2000000,2719.8000000,1470744
200117,000000,2732.2000000,2776.8000000,2726.2000000,2772.8000000,668860
200120,000000,2790.0000000,2827.0000000,2777.0000000,2800.0000000,339337
200121,000000,2799.6000000,2799.6000000,2762.6000000,2770.0000000,350182
200122,000000,2783.2000000,2799.6000000,2673.2000000,2790.0000000,755887
200123,000000,2791.0000000,2826.6000000,2740.0000000,2820.2000000,480427
200124,000000,2798.0000000,2818.0000000,2775.8000000,2798.0000000,366624
200127,000000,2789.2000000,2802.0000000,2735.2000000,2780.0000000,481600
200128,000000,2785.2000000,2813.8000000,2765.6000000,2799.8000000,357013
200129,000000,2812.4000000,2890.0000000,2812.4000000,2890.0000000,679946
200130,000000,2880.0000000,2905.0000000,2852.4000000,2888.0000000,344028
200131,000000,2895.0000000,2913.0000000,2865.4000000,2873.4000000,296170
200203,000000,2856.8000000,2899.6000000,2843.2000000,2880.6000000,270342
200204,000000,2911.8000000,2994.8000000,2907.0000000,2990.0000000,469932
200205,000000,3010.6000000,3081.0000000,2992.4000000,3008.2000000,692586
200206,000000,3030.0000000,3076.0000000,3003.4000000,3048.2000000,389930
200207,000000,3058.6000000,3140.0000000,3022.4000000,3103.8000000,479731
200210,000000,3104.6000000,3143.0000000,3065.0000000,3087.2000000,422510
200211,000000,3100.0000000,3131.2000000,3066.2000000,3085.0000000,340079
200212,000000,3081.0000000,3083.2000000,3033.0000000,3037.2000000,551073
200213,000000,3066.6000000,3097.0000000,3035.2000000,3087.4000000,516454
200214,000000,3119.8000000,3127.6000000,2950.8000000,3011.0000000,1995630
200217,000000,2980.4000000,2989.8000000,2935.4000000,2983.6000000,497430
200218,000000,2990.0000000,2992.4000000,2917.2000000,2937.0000000,582824
200219,000000,2921.4000000,2991.2000000,2912.6000000,2953.0000000,728333
200220,000000,2945.0000000,2996.4000000,2941.4000000,2988.4000000,738945
200221,000000,2975.0000000,2996.0000000,2910.6000000,2911.8000000,645644
200225,000000,2799.8000000,2869.8000000,2672.6000000,2681.8000000,2303488
200226,000000,2661.2000000,2704.8000000,2538.4000000,2690.8000000,2316101
200227,000000,2665.0000000,2744.4000000,2620.4000000,2678.2000000,1662998
200228,000000,2624.8000000,2686.0000000,2540.2000000,2659.8000000,1464045
200302,000000,2732.8000000,2762.8000000,2615.2000000,2721.4000000,1290610
200303,000000,2744.0000000,2784.8000000,2701.4000000,2723.0000000,971355
200304,000000,2680.0000000,2708.8000000,2632.6000000,2654.2000000,697745
200305,000000,2743.0000000,2744.6000000,2643.2000000,2728.2000000,894054
200306,000000,2700.8000000,2711.8000000,2556.0000000,2685.0000000,1005756
200310,000000,2520.0000000,2757.8000000,2500.0000000,2590.0000000,1510732
200311,000000,2619.6000000,2640.0000000,2520.0000000,2615.0000000,910964
200312,000000,2559.8000000,2560.0000000,2350.0000000,2460.0000000,1547538
200313,000000,2439.8000000,2620.6000000,2400.0000000,2470.0000000,1221313
200316,000000,2459.6000000,2459.6000000,2241.2000000,2370.0000000,1286296
200317,000000,2320.0000000,2438.8000000,2257.0000000,2425.0000000,1078574
200318,000000,2357.0000000,2400.0000000,2251.0000000,2318.8000000,1288232
200319,000000,2345.4000000,2464.4000000,2273.2000000,2434.0000000,1509790
200320,000000,2484.0000000,2593.4000000,2414.0000000,2455.2000000,1335704
200323,000000,2376.8000000,2494.4000000,2295.0000000,2299.8000000,1233149
200324,000000,2365.0000000,2489.0000000,2363.0000000,2459.0000000,1072509
200325,000000,2549.8000000,2595.0000000,2480.2000000,2555.8000000,1339722
200326,000000,2587.8000000,2640.0000000,2505.0000000,2610.0000000,1169462
200327,000000,2649.8000000,2668.0000000,2552.6000000,2597.0000000,798730
200330,000000,2589.6000000,2678.8000000,2577.0000000,2670.2000000,659554
200331,000000,2700.0000000,2749.4000000,2647.0000000,2714.4000000,815448
200401,000000,2653.0000000,2679.6000000,2591.0000000,2605.8000000,762168
200402,000000,2621.0000000,2650.0000000,2493.8000000,2550.8000000,1102131
200403,000000,2540.2000000,2584.0000000,2514.4000000,2520.0000000,915527
200406,000000,2566.0000000,2609.0000000,2536.2000000,2582.0000000,785518
200407,000000,2607.0000000,2695.0000000,2602.2000000,2668.0000000,910645
200408,000000,2622.0000000,2742.6000000,2600.2000000,2742.6000000,758024
200409,000000,2722.8000000,2755.8000000,2661.2000000,2697.2000000,1045760
200410,000000,2705.0000000,2705.0000000,2671.6000000,2701.0000000,262317
200413,000000,2667.8000000,2688.0000000,2623.2000000,2659.0000000,349223
200414,000000,2697.8000000,2782.4000000,2687.6000000,2755.6000000,907990
200415,000000,2717.6000000,2719.8000000,2584.4000000,2588.2000000,775540
200416,000000,2606.8000000,2680.0000000,2570.2000000,2637.8000000,708410
200417,000000,2655.6000000,2668.8000000,2620.2000000,2630.4000000,457724
200420,000000,2664.0000000,2746.0000000,2642.0000000,2736.4000000,863566
200421,000000,2681.8000000,2695.4000000,2601.0000000,2659.2000000,1018160
200422,000000,2650.0000000,2706.8000000,2631.2000000,2655.0000000,785080
200423,000000,2668.0000000,2677.0000000,2621.4000000,2640.6000000,505885
200424,000000,2634.8000000,2655.0000000,2606.6000000,2621.0000000,402936
200427,000000,2652.0000000,2715.0000000,2647.0000000,2715.0000000,783496
200428,000000,2731.0000000,2856.8000000,2716.4000000,2754.8000000,1297877
200429,000000,2800.2000000,2874.0000000,2775.4000000,2870.0000000,777309
200430,000000,2898.0000000,2924.0000000,2812.2000000,2850.8000000,744921
200504,000000,2809.8000000,2848.8000000,2776.8000000,2828.8000000,414159
200505,000000,2849.8000000,2876.8000000,2831.0000000,2842.2000000,352411
200506,000000,2849.0000000,2883.2000000,2830.2000000,2864.0000000,376841
200507,000000,2869.0000000,2918.8000000,2858.0000000,2910.2000000,430050
200508,000000,2975.0000000,2992.0000000,2933.0000000,2975.2000000,471330
200512,000000,2968.0000000,2979.8000000,2927.0000000,2977.0000000,281684
200513,000000,2958.4000000,2958.4000000,2890.4000000,2893.4000000,511700
200514,000000,2875.2000000,2883.0000000,2785.8000000,2821.8000000,557815
200515,000000,2858.0000000,2894.0000000,2795.8000000,2839.6000000,518342
200518,000000,2877.0000000,2947.0000000,2870.4000000,2945.0000000,480408
200519,000000,2976.0000000,2980.0000000,2923.6000000,2970.0000000,338651
200520,000000,2955.2000000,3000.0000000,2941.0000000,2964.6000000,511039
200521,000000,2944.0000000,2960.0000000,2895.0000000,2910.8000000,503956
200522,000000,2889.8000000,2938.8000000,2880.6000000,2905.0000000,336192
200525,000000,2913.8000000,2962.0000000,2908.2000000,2960.6000000,258725
200526,000000,2968.8000000,2992.8000000,2911.4000000,2913.2000000,553908
200527,000000,2905.8000000,2942.8000000,2817.2000000,2826.0000000,688266
200528,000000,2875.4000000,2916.8000000,2860.4000000,2888.0000000,623076
200529,000000,2865.0000000,2884.0000000,2811.6000000,2833.2000000,530562
200601,000000,2849.6000000,2869.8000000,2814.4000000,2846.0000000,635598
200602,000000,2848.0000000,2875.0000000,2821.2000000,2837.8000000,696965
200603,000000,2848.4000000,2879.6000000,2835.0000000,2867.6000000,666883
200604,000000,2864.8000000,2882.0000000,2837.0000000,2861.6000000,458534
200605,000000,2874.2000000,2911.8000000,2850.0000000,2884.0000000,425118
200608,000000,2897.2000000,2917.8000000,2866.0000000,2873.2000000,364212
200609,000000,2896.4000000,2905.0000000,2855.0000000,2902.0000000,335131
200610,000000,2895.6000000,2919.4000000,2867.0000000,2881.2000000,353031
200611,000000,2871.0000000,2879.8000000,2817.6000000,2850.0000000,477374
200615,000000,2836.0000000,2975.0000000,2820.4000000,2967.4000000,799022
200616,000000,2984.0000000,3062.0000000,2967.4000000,3009.0000000,916051
200617,000000,3024.0000000,3074.0000000,3010.0000000,3068.2000000,606577
200618,000000,3058.8000000,3115.0000000,3021.2000000,3108.0000000,741015
200619,000000,3109.0000000,3176.2000000,3107.0000000,3155.0000000,700308
200622,000000,3171.0000000,3270.8000000,3115.0000000,3254.2000000,759511
200623,000000,3248.0000000,3444.8000000,3240.8000000,3358.6000000,1723932
200625,000000,3434.0000000,3509.2000000,3383.0000000,3499.0000000,1287989
200626,000000,3477.2000000,3519.4000000,3417.0000000,3430.0000000,610592
200629,000000,3434.6000000,3483.2000000,3380.2000000,3467.0000000,560338
200630,000000,3467.0000000,3564.6000000,3423.0000000,3545.6000000,631981
200702,000000,3524.0000000,3588.0000000,3502.0000000,3548.6000000,438762
200703,000000,3550.0000000,3575.0000000,3513.0000000,3549.6000000,274175
200706,000000,3573.0000000,3710.0000000,3555.6000000,3639.0000000,611903
200707,000000,3643.0000000,3664.2000000,3572.0000000,3598.8000000,612278
200708,000000,3586.8000000,3636.0000000,3553.0000000,3581.8000000,571527
200709,000000,3583.0000000,3658.0000000,3575.4000000,3637.8000000,495719
200710,000000,3622.6000000,3684.8000000,3590.6000000,3633.0000000,501547
200713,000000,3640.6000000,3719.6000000,3635.0000000,3678.0000000,463247
200714,000000,3677.0000000,3789.0000000,3581.2000000,3772.0000000,733070
200715,000000,3762.6000000,3896.4000000,3762.4000000,3882.8000000,816356
200716,000000,3849.6000000,3882.8000000,3807.0000000,3824.0000000,501829
200717,000000,3836.4000000,3966.0000000,3830.0000000,3950.0000000,638095
200720,000000,3950.0000000,4029.4000000,3901.0000000,4029.0000000,587288
200721,000000,4017.0000000,4202.0000000,3921.2000000,3964.0000000,1030294
200722,000000,3965.0000000,4026.6000000,3910.6000000,4010.0000000,704144
200723,000000,4020.2000000,4069.6000000,3952.2000000,4002.8000000,576118
200724,000000,3982.0000000,4045.0000000,3931.0000000,4017.2000000,489272
200727,000000,4038.4000000,4155.0000000,4012.0000000,4123.0000000,534302
200728,000000,4182.0000000,4198.8000000,3971.8000000,4114.4000000,1295142
200729,000000,4131.4000000,4222.0000000,4121.6000000,4187.8000000,544339
200730,000000,4184.0000000,4196.8000000,4104.4000000,4191.0000000,548606
200731,000000,4211.4000000,4267.6000000,4180.2000000,4257.0000000,808414
200803,000000,4261.0000000,4328.8000000,4242.6000000,4288.6000000,546317
200804,000000,4304.0000000,4348.8000000,4280.2000000,4312.0000000,343736
200805,000000,4323.4000000,4355.0000000,4310.0000000,4340.2000000,508572
200806,000000,4342.0000000,4417.6000000,4330.2000000,4413.8000000,431203
200807,000000,4399.8000000,4443.6000000,4321.0000000,4360.0000000,565488
200810,000000,4380.4000000,4396.0000000,4173.8000000,4205.0000000,846158
200811,000000,4228.2000000,4329.0000000,4135.2000000,4185.8000000,1317479
200812,000000,4203.2000000,4330.0000000,4182.0000000,4288.8000000,1220993
200813,000000,4411.8000000,4554.2000000,4317.4000000,4366.0000000,3722104
200814,000000,4405.6000000,4459.8000000,4370.4000000,4389.6000000,2193720
200817,000000,4406.2000000,4534.6000000,4406.0000000,4500.0000000,2532299
200818,000000,4493.8000000,4548.0000000,4464.4000000,4503.0000000,1977361
200819,000000,4510.0000000,4624.4000000,4505.4000000,4620.0000000,1961349
200820,000000,4596.0000000,4760.0000000,4586.0000000,4700.0000000,2991385
200821,000000,4725.2000000,4823.8000000,4717.6000000,4772.0000000,2525509
200824,000000,4792.2000000,4920.0000000,4770.2000000,4913.4000000,2313397
200825,000000,4920.2000000,5078.2000000,4890.6000000,5055.0000000,2614166
200826,000000,5063.2000000,5135.8000000,4816.4000000,4973.6000000,3774617
200827,000000,4993.6000000,5022.8000000,4791.0000000,4842.8000000,2604003
200828,000000,4867.2000000,4928.2000000,4761.0000000,4845.0000000,2429625
200831,000000,4888.0000000,5165.0000000,4881.0000000,5089.4000000,22750215
200901,000000,5082.6000000,5177.0000000,4984.8000000,5033.0000000,3622595
200902,000000,5070.0000000,5118.2000000,4943.0000000,5070.0000000,2459368
200903,000000,5043.8000000,5106.0000000,4870.0000000,4917.8000000,2587899
200904,000000,4890.6000000,4993.8000000,4766.0000000,4885.0000000,2799228
200907,000000,4845.0000000,4997.8000000,4810.0000000,4975.0000000,1264674
200908,000000,4980.2000000,5035.0000000,4660.2000000,4670.2000000,3248397
200909,000000,4695.0000000,4759.0000000,4650.0000000,4743.4000000,1686076
200910,000000,4738.8000000,4775.0000000,4585.0000000,4597.8000000,1788524
200911,000000,4626.0000000,4692.2000000,4572.2000000,4662.0000000,1493158
200914,000000,4680.0000000,4760.0000000,4665.2000000,4730.0000000,1131139
200915,000000,4730.2000000,4836.8000000,4656.0000000,4685.8000000,1759118
200916,000000,4704.0000000,4719.6000000,4608.0000000,4637.0000000,900653
200917,000000,4606.0000000,4614.0000000,4483.4000000,4595.0000000,1633678
200918,000000,4585.0000000,4643.6000000,4552.0000000,4628.0000000,1015803
200921,000000,4615.2000000,4626.8000000,4488.2000000,4527.8000000,1002994
200922,000000,4534.0000000,4900.0000000,4490.0000000,4900.0000000,3090318
200923,000000,5100.0000000,5653.2000000,4941.6000000,5008.6000000,13054589
200924,000000,5016.6000000,5045.8000000,4763.4000000,4775.0000000,2950463
200925,000000,4797.0000000,4959.8000000,4710.0000000,4934.0000000,1839588
200928,000000,4951.8000000,5119.8000000,4941.8000000,5080.0000000,1758903
200929,000000,5074.4000000,5131.0000000,4940.0000000,5095.0000000,1482489
200930,000000,5078.2000000,5106.8000000,5022.4000000,5062.0000000,704126
201001,000000,5072.4000000,5108.6000000,4902.0000000,4928.8000000,1209875
201002,000000,4907.8000000,4988.6000000,4844.8000000,4907.0000000,1192250
201005,000000,4934.0000000,5010.0000000,4872.2000000,4980.0000000,816213
201006,000000,4982.2000000,4999.2000000,4833.4000000,4869.0000000,1009472
201007,000000,4891.8000000,4902.8000000,4740.0000000,4779.4000000,979550
201008,000000,4800.4000000,4816.6000000,4690.2000000,4714.6000000,903958
201009,000000,4732.2000000,4766.0000000,4620.8000000,4683.0000000,1093789
201012,000000,4694.0000000,4794.0000000,4685.0000000,4759.8000000,965369
201013,000000,4759.4000000,4855.0000000,4736.8000000,4838.8000000,1224955
201014,000000,4843.6000000,4885.4000000,4752.0000000,4772.0000000,868759
201015,000000,4756.6000000,4780.0000000,4677.0000000,4754.4000000,1013258
201016,000000,4754.2000000,4779.8000000,4503.0000000,4530.0000000,2239810
201019,000000,4551.0000000,4571.8000000,4427.2000000,4457.0000000,1424787
201020,000000,4463.2000000,4494.0000000,4311.4000000,4340.0000000,1493008
201021,000000,4351.0000000,4440.0000000,4263.6000000,4410.2000000,1857616
201022,000000,4405.0000000,4508.6000000,4373.0000000,4455.0000000,1490652
201023,000000,4443.0000000,4529.8000000,4435.2000000,4523.2000000,766336
201026,000000,4499.6000000,4540.6000000,4450.2000000,4504.0000000,624050
201027,000000,4500.0000000,4623.0000000,4475.6000000,4600.8000000,901719
201028,000000,4590.0000000,4637.0000000,4500.0000000,4586.0000000,1388479
201029,000000,4605.0000000,4655.0000000,4584.4000000,4637.2000000,992726
201030,000000,4597.8000000,4619.6000000,4515.0000000,4561.0000000,651709
201102,000000,4557.2000000,4685.0000000,4543.4000000,4589.2000000,843940
201103,000000,4605.0000000,4627.8000000,4536.0000000,4591.0000000,858907
201105,000000,4765.0000000,4867.0000000,4710.2000000,4854.8000000,1492806
201106,000000,4830.0000000,4934.4000000,4780.0000000,4927.0000000,1023911
201109,000000,4988.0000000,5077.8000000,4933.4000000,4985.4000000,1831036
201110,000000,4976.0000000,4986.0000000,4696.0000000,4696.0000000,1651350
201111,000000,4725.4000000,4813.6000000,4666.2000000,4724.8000000,1630908
201112,000000,4709.6000000,4775.0000000,4703.0000000,4718.8000000,596016
201113,000000,4748.0000000,4799.8000000,4732.0000000,4799.0000000,382448
201116,000000,4806.2000000,4839.8000000,4705.2000000,4735.2000000,689840
201117,000000,4745.0000000,4765.0000000,4632.0000000,4680.0000000,464480
201118,000000,4662.4000000,4750.0000000,4641.2000000,4691.2000000,504218
201119,000000,4698.2000000,4755.0000000,4678.0000000,4742.6000000,353059
201120,000000,4744.0000000,4792.8000000,4720.0000000,4745.6000000,335322
201123,000000,4750.0000000,4783.0000000,4680.0000000,4687.6000000,611856
201124,000000,4711.0000000,4966.6000000,4695.4000000,4935.8000000,1518366
201125,000000,4951.8000000,4960.0000000,4846.0000000,4946.0000000,836646
201126,000000,4940.8000000,5034.8000000,4915.8000000,4985.2000000,621134
201127,000000,5006.8000000,5170.0000000,4970.2000000,5115.0000000,988908
201130,000000,5099.8000000,5418.4000000,5065.2000000,5278.0000000,3552109
201201,000000,5308.2000000,5389.6000000,5240.4000000,5310.4000000,1215891
201202,000000,5309.0000000,5327.2000000,5180.2000000,5193.6000000,785382
201203,000000,5212.0000000,5245.0000000,5136.2000000,5166.0000000,524297
201204,000000,5185.8000000,5228.0000000,5055.4000000,5065.2000000,821760
201207,000000,5066.0000000,5113.2000000,4962.6000000,5002.2000000,729697
201208,000000,5009.6000000,5077.8000000,4952.6000000,5066.4000000,777084
201209,000000,5063.4000000,5230.8000000,5040.0000000,5094.0000000,970424
201210,000000,5119.6000000,5189.8000000,4990.6000000,5169.2000000,760322
201211,000000,5148.0000000,5194.0000000,5092.2000000,5124.0000000,493797
201214,000000,5150.8000000,5160.8000000,5010.2000000,5040.0000000,593129
201215,000000,5059.0000000,5109.4000000,5015.0000000,5050.0000000,385675
201216,000000,5076.0000000,5204.8000000,5050.0000000,5198.0000000,537105
201217,000000,5183.8000000,5283.6000000,5100.8000000,5145.4000000,926687
201218,000000,5160.2000000,5209.0000000,5080.2000000,5082.0000000,761329
201221,000000,5100.0000000,5139.8000000,4991.4000000,5004.4000000,874186
201222,000000,5008.8000000,5095.0000000,4982.0000000,5084.0000000,423976
201223,000000,5072.2000000,5149.8000000,5041.4000000,5113.0000000,351103
201224,000000,5126.8000000,5137.8000000,4990.4000000,5029.0000000,335241
201225,000000,5029.0000000,5049.8000000,5002.0000000,5039.8000000,91780
201228,000000,5048.6000000,5078.4000000,4986.2000000,5026.4000000,337357
201229,000000,5017.0000000,5065.2000000,4996.0000000,5020.4000000,342093
201230,000000,5022.0000000,5183.2000000,5006.4000000,5167.0000000,475906
210104,000000,5167.8000000,5235.0000000,5113.0000000,5185.2000000,574279
210105,000000,5184.0000000,5389.4000000,5141.0000000,5340.4000000,688355
210106,000000,5300.0000000,5338.8000000,5150.0000000,5188.8000000,806459
210108,000000,5230.6000000,5323.4000000,5220.0000000,5254.2000000,892172
210111,000000,5257.6000000,5303.0000000,5200.4000000,5214.2000000,797440
210112,000000,5224.6000000,5270.0000000,5100.2000000,5121.8000000,626655
210113,000000,5150.0000000,5198.6000000,5053.0000000,5079.8000000,554710
210114,000000,5098.0000000,5132.4000000,5006.0000000,5077.4000000,740196
210115,000000,5070.0000000,5128.0000000,4988.8000000,4998.0000000,796721
210118,000000,5002.0000000,5061.0000000,4990.0000000,5043.6000000,534674
210119,000000,5057.0000000,5069.8000000,4965.4000000,5008.8000000,646875
210120,000000,5016.0000000,5178.0000000,4985.0000000,5170.0000000,819724
210121,000000,5130.2000000,5167.0000000,5006.2000000,5069.0000000,1020112
210122,000000,5036.8000000,5098.8000000,5010.0000000,5015.8000000,577323
210125,000000,5039.4000000,5089.0000000,4860.4000000,4901.8000000,1249250
210126,000000,4941.8000000,4984.0000000,4884.6000000,4898.2000000,1012315
210127,000000,4909.2000000,4937.0000000,4775.4000000,4828.4000000,1030102
210128,000000,4824.8000000,4917.0000000,4800.4000000,4876.2000000,478920
210129,000000,4859.8000000,4879.2000000,4713.2000000,4760.6000000,809513
210201,000000,4786.4000000,4857.8000000,4728.6000000,4847.4000000,573930
210202,000000,4850.4000000,4999.8000000,4850.4000000,4997.0000000,846570
210203,000000,4984.0000000,5005.0000000,4901.6000000,4917.2000000,673322
210204,000000,4934.0000000,5018.6000000,4903.4000000,5016.6000000,686670
210205,000000,4990.2000000,5024.6000000,4913.0000000,4973.6000000,580426
210208,000000,4995.6000000,5075.0000000,4973.2000000,5060.4000000,555898
210209,000000,5062.4000000,5170.0000000,4995.2000000,5147.2000000,787338
210210,000000,5142.8000000,5349.6000000,5105.0000000,5306.0000000,1508444
210211,000000,5310.0000000,5394.0000000,5229.6000000,5361.6000000,912316
210212,000000,5374.6000000,5459.2000000,5265.0000000,5448.0000000,1040840
210215,000000,5463.4000000,5549.6000000,5404.0000000,5478.0000000,576146
210216,000000,5483.8000000,5517.2000000,5325.4000000,5348.0000000,1160561
210217,000000,5348.0000000,5362.8000000,5100.2000000,5187.0000000,1368065
210218,000000,5205.0000000,5207.0000000,5005.4000000,5007.8000000,1181958
210219,000000,5035.0000000,5142.0000000,4951.2000000,5005.0000000,1449078
210220,000000,5053.8000000,5067.6000000,5007.0000000,5064.0000000,196731
210222,000000,5024.4000000,5048.8000000,4902.2000000,4918.0000000,908836
210224,000000,4960.0000000,5032.0000000,4901.2000000,4928.2000000,1001828
210225,000000,4945.0000000,4975.0000000,4821.0000000,4857.4000000,906961
210226,000000,4851.0000000,4875.8000000,4762.0000000,4813.2000000,1438926
210301,000000,4858.6000000,5009.2000000,4820.2000000,5004.6000000,1090605
210302,000000,4968.4000000,5068.6000000,4960.0000000,5027.0000000,683676
210303,000000,5054.8000000,5133.0000000,4875.0000000,4890.2000000,1021134
210304,000000,4906.2000000,4953.0000000,4662.4000000,4718.2000000,1342783
210305,000000,4729.8000000,4819.8000000,4626.8000000,4722.8000000,1438430
210309,000000,4589.8000000,4769.2000000,4575.0000000,4707.6000000,1501368
210310,000000,4720.0000000,4831.2000000,4652.8000000,4692.0000000,1117692
210311,000000,4716.0000000,4898.0000000,4713.6000000,4889.8000000,941686
210312,000000,4858.8000000,4963.6000000,4816.0000000,4960.4000000,757248
210315,000000,4972.0000000,5063.8000000,4932.0000000,5039.0000000,1138969
210316,000000,5049.2000000,5177.8000000,4957.0000000,5161.8000000,1550466
210317,000000,5150.0000000,5150.0000000,4955.0000000,5037.6000000,1872694
210318,000000,5061.6000000,5120.0000000,4826.2000000,4858.0000000,1791738
210319,000000,4873.0000000,4954.8000000,4812.6000000,4880.0000000,1153421
210322,000000,4894.0000000,4954.6000000,4875.0000000,4891.0000000,539226
210323,000000,4890.6000000,4953.6000000,4853.8000000,4906.0000000,669877
210324,000000,4910.2000000,4977.2000000,4825.0000000,4850.0000000,845120
210325,000000,4851.0000000,4878.8000000,4683.0000000,4741.0000000,1120317
210326,000000,4766.6000000,4833.8000000,4700.2000000,4785.0000000,798846
210329,000000,4785.0000000,4835.0000000,4735.0000000,4830.0000000,620133
210330,000000,4818.6000000,4818.6000000,4721.0000000,4788.0000000,715561
210331,000000,4804.4000000,4915.0000000,4725.0000000,4859.0000000,1119731
210401,000000,4886.0000000,4962.8000000,4868.0000000,4949.2000000,832481
210402,000000,4960.0000000,4960.0000000,4890.0000000,4935.0000000,294486
210405,000000,4935.0000000,4958.4000000,4884.0000000,4940.0000000,409203
210406,000000,4937.0000000,4991.6000000,4917.8000000,4961.8000000,691979
210407,000000,4963.0000000,4979.8000000,4822.0000000,4845.2000000,666770
210408,000000,4872.4000000,4958.0000000,4850.0000000,4888.0000000,700448
210409,000000,4885.2000000,4891.4000000,4794.0000000,4813.0000000,469363
210412,000000,4806.0000000,4907.0000000,4777.2000000,4854.8000000,627250
210413,000000,4865.2000000,4882.0000000,4510.0000000,4600.0000000,3817613
210414,000000,4630.0000000,4721.4000000,4576.2000000,4661.0000000,2828314
210415,000000,4636.6000000,4697.4000000,4617.0000000,4677.8000000,988193
210416,000000,4683.8000000,4697.0000000,4650.6000000,4690.0000000,553149
210419,000000,4695.0000000,4743.4000000,4650.0000000,4663.8000000,953222
210420,000000,4679.4000000,4707.0000000,4621.0000000,4665.6000000,796491
210421,000000,4667.8000000,4677.8000000,4631.4000000,4648.0000000,423533
210422,000000,4642.0000000,4687.0000000,4590.0000000,4605.0000000,850772
210423,000000,4623.2000000,4623.2000000,4521.4000000,4570.2000000,831281
210426,000000,4570.2000000,4721.0000000,4558.8000000,4703.6000000,1112408
210427,000000,4707.0000000,4776.0000000,4671.0000000,4732.0000000,993756
210428,000000,4730.2000000,4857.8000000,4676.2000000,4834.8000000,2009902
210429,000000,4851.4000000,5054.8000000,4834.0000000,5040.0000000,1769231
210430,000000,5027.2000000,5048.0000000,4887.2000000,4934.8000000,1318008
210504,000000,4910.0000000,4948.0000000,4742.0000000,4802.2000000,987366
210505,000000,4821.6000000,4924.8000000,4815.2000000,4864.4000000,698437
210506,000000,4859.6000000,4909.0000000,4751.2000000,4828.6000000,770602
210507,000000,4839.8000000,4859.0000000,4785.0000000,4831.6000000,514574
210510,000000,4824.0000000,4836.8000000,4690.0000000,4702.8000000,679601
210511,000000,4685.0000000,4698.0000000,4570.8000000,4678.0000000,1203590
210512,000000,4678.0000000,4731.4000000,4581.4000000,4601.0000000,964585
210513,000000,4599.8000000,4659.8000000,4574.0000000,4638.4000000,836836
210514,000000,4651.8000000,4699.2000000,4615.6000000,4687.0000000,503970
210517,000000,4685.0000000,4706.6000000,4609.2000000,4704.2000000,537501
210518,000000,4726.0000000,4814.6000000,4700.0000000,4740.0000000,967606
210519,000000,4752.0000000,4755.2000000,4653.0000000,4741.6000000,594753
210520,000000,4748.0000000,4762.0000000,4666.0000000,4750.8000000,549267
210521,000000,4740.0000000,4796.6000000,4692.0000000,4767.2000000,635993
210524,000000,4790.6000000,4900.0000000,4741.2000000,4891.8000000,785575
210525,000000,4890.2000000,4928.8000000,4881.2000000,4897.8000000,489356
210526,000000,4905.4000000,5005.0000000,4898.4000000,4995.4000000,728677
210527,000000,4995.0000000,5020.0000000,4930.0000000,4962.2000000,1123473
210528,000000,4980.8000000,5012.6000000,4920.2000000,4945.0000000,363633
210531,000000,4974.0000000,4998.8000000,4916.2000000,4942.0000000,231371
210601,000000,4950.0000000,5030.0000000,4890.0000000,4933.0000000,581810
210602,000000,4933.0000000,4988.0000000,4895.0000000,4948.0000000,680065
210603,000000,4979.2000000,4994.0000000,4886.6000000,4901.8000000,453756
210604,000000,4914.4000000,4935.4000000,4861.2000000,4923.4000000,534795
210607,000000,4923.4000000,4928.2000000,4865.0000000,4911.4000000,322039
210608,000000,4912.4000000,4935.2000000,4871.8000000,4889.6000000,429070
210609,000000,4899.8000000,5020.0000000,4865.2000000,4973.0000000,843246
210610,000000,4968.0000000,5025.0000000,4930.0000000,5005.8000000,510385
210611,000000,5020.0000000,5093.2000000,4975.6000000,5056.8000000,871342
210614,000000,5070.6000000,5096.4000000,5037.2000000,5090.0000000,214712
210615,000000,5087.4000000,5087.4000000,4910.2000000,4925.0000000,559238
210616,000000,4931.6000000,4993.0000000,4899.0000000,4962.8000000,534296
210617,000000,4952.6000000,5063.0000000,4928.2000000,5041.4000000,642669
210618,000000,5032.0000000,5110.0000000,4951.6000000,5047.0000000,865518
210621,000000,5047.0000000,5123.0000000,5002.0000000,5008.4000000,491552
210622,000000,5016.8000000,5036.0000000,4982.0000000,5007.0000000,366983
210623,000000,5008.8000000,5046.4000000,4985.0000000,5040.0000000,319871
210624,000000,5050.0000000,5070.0000000,5007.0000000,5033.0000000,375630
210625,000000,5040.2000000,5103.0000000,5020.6000000,5088.0000000,363564
210628,000000,5088.0000000,5155.0000000,5064.0000000,5099.8000000,337688
210629,000000,5102.8000000,5119.8000000,5027.0000000,5084.6000000,486779
210630,000000,5084.0000000,5199.0000000,5071.2000000,5176.6000000,859944
210701,000000,5179.0000000,5199.0000000,5089.4000000,5168.6000000,380605
210702,000000,5140.6000000,5229.8000000,5127.6000000,5216.0000000,338974
210705,000000,5230.2000000,5236.4000000,5191.2000000,5212.4000000,191960
210706,000000,5209.4000000,5262.4000000,5163.0000000,5247.4000000,476766
210707,000000,5248.0000000,5410.0000000,5235.6000000,5341.4000000,1001716
210708,000000,5340.0000000,5379.8000000,5216.0000000,5354.2000000,619467
210709,000000,5361.6000000,5361.6000000,5151.0000000,5235.8000000,625317
210712,000000,5250.2000000,5296.8000000,5208.8000000,5281.0000000,349925
210713,000000,5273.8000000,5298.0000000,5206.2000000,5256.8000000,374339
210714,000000,5252.2000000,5278.8000000,5172.2000000,5177.8000000,382642
210715,000000,5174.0000000,5238.8000000,5140.0000000,5188.0000000,313127
210716,000000,5193.8000000,5235.0000000,5137.8000000,5150.0000000,345078
210719,000000,5150.0000000,5179.0000000,5059.8000000,5109.0000000,545818
210720,000000,5122.8000000,5127.6000000,5045.2000000,5095.4000000,332912
210721,000000,5100.0000000,5165.0000000,5075.4000000,5151.2000000,260067
210722,000000,5161.8000000,5198.8000000,5112.0000000,5165.8000000,381228
210723,000000,5173.4000000,5198.8000000,5115.0000000,5196.4000000,304303
210726,000000,5185.6000000,5237.0000000,5130.0000000,5155.2000000,669192
210727,000000,5154.8000000,5177.2000000,4975.4000000,5035.2000000,740135
210728,000000,5014.0000000,5137.4000000,5000.4000000,5076.8000000,692146
210729,000000,5076.2000000,5095.8000000,5005.0000000,5034.6000000,505841
210730,000000,5011.0000000,5026.0000000,4905.0000000,4970.4000000,954770
210802,000000,4994.0000000,5007.6000000,4928.0000000,4938.0000000,353448
210803,000000,4944.2000000,4972.0000000,4910.2000000,4934.0000000,445134
210804,000000,4943.4000000,5019.8000000,4910.0000000,4989.6000000,479392
210805,000000,4992.4000000,5032.2000000,4960.2000000,4995.0000000,376717
210806,000000,4991.0000000,5025.2000000,4920.0000000,4971.2000000,393665
210809,000000,4971.2000000,5007.0000000,4936.0000000,4971.0000000,268030
210810,000000,4986.4000000,4994.0000000,4930.8000000,4966.2000000,276377
210811,000000,4970.0000000,5065.0000000,4945.0000000,5036.4000000,453405
210812,000000,5026.0000000,5068.6000000,4971.0000000,4984.4000000,369995
210813,000000,4984.8000000,5000.4000000,4935.0000000,4975.0000000,214780
210816,000000,4970.0000000,5093.4000000,4960.0000000,5093.0000000,581957
210817,000000,5065.0000000,5139.8000000,5061.4000000,5065.2000000,536075
210818,000000,5096.2000000,5127.0000000,5052.4000000,5055.2000000,294711
210819,000000,5052.0000000,5115.0000000,4994.2000000,5065.6000000,506013
210820,000000,5065.6000000,5113.8000000,5016.0000000,5061.0000000,287267
210823,000000,5093.0000000,5124.8000000,5047.0000000,5104.0000000,303032
210824,000000,5115.0000000,5159.2000000,5061.2000000,5159.0000000,372150
210825,000000,5150.0000000,5155.4000000,5106.0000000,5129.6000000,248387
210826,000000,5129.6000000,5233.8000000,5091.0000000,5219.0000000,399212
210827,000000,5218.0000000,5326.8000000,5180.0000000,5308.0000000,593499
210830,000000,5309.8000000,5405.0000000,5290.0000000,5352.4000000,570458
210831,000000,5385.8000000,5647.0000000,5378.0000000,5615.0000000,1520571
210901,000000,5624.0000000,5767.4000000,5565.0000000,5699.6000000,1061509
210902,000000,5724.8000000,5773.0000000,5629.6000000,5636.4000000,709017
210903,000000,5649.8000000,5738.2000000,5592.0000000,5732.6000000,525282
210906,000000,5740.0000000,5860.0000000,5726.6000000,5804.0000000,382579
210907,000000,5810.0000000,5828.6000000,5689.0000000,5690.8000000,618931
210908,000000,5687.8000000,5759.8000000,5647.4000000,5712.6000000,543506
210909,000000,5701.4000000,5766.0000000,5642.0000000,5735.0000000,411425
210910,000000,5745.6000000,5896.0000000,5707.8000000,5868.4000000,450366
210913,000000,5892.6000000,5948.0000000,5817.0000000,5939.2000000,513262
210914,000000,5942.0000000,5988.6000000,5872.0000000,5973.0000000,533537
210915,000000,5970.8000000,5990.4000000,5861.8000000,5892.0000000,504454
210916,000000,5894.0000000,5986.4000000,5866.4000000,5872.0000000,659483
210917,000000,5884.0000000,5924.8000000,5825.6000000,5828.4000000,543387
210920,000000,5827.0000000,5877.0000000,5767.0000000,5785.0000000,494076
210921,000000,5808.0000000,5839.0000000,5726.0000000,5771.8000000,379725
210922,000000,5782.0000000,5796.6000000,5722.0000000,5755.0000000,382770
210923,000000,5755.0000000,5890.0000000,5735.0000000,5885.0000000,354430
210924,000000,5890.0000000,5890.0000000,5786.0000000,5850.4000000,272481
210927,000000,5851.0000000,5980.0000000,5831.4000000,5949.2000000,694533
210928,000000,5949.4000000,5964.8000000,5750.2000000,5788.0000000,509369
210929,000000,5789.8000000,5880.0000000,5741.0000000,5762.4000000,351585
210930,000000,5769.6000000,5849.0000000,5731.0000000,5804.6000000,501002
211001,000000,5774.0000000,5843.8000000,5745.2000000,5766.4000000,334023
211004,000000,5764.6000000,5774.6000000,5433.4000000,5504.0000000,937249
211005,000000,5472.6000000,5639.6000000,5464.2000000,5594.2000000,930282
211006,000000,5592.0000000,5699.0000000,5500.0000000,5694.2000000,764711
211007,000000,5695.4000000,5767.8000000,5649.8000000,5705.2000000,756213
211008,000000,5700.4000000,5729.6000000,5639.2000000,5701.6000000,498047
211011,000000,5703.4000000,5736.8000000,5587.6000000,5622.2000000,446168
211012,000000,5607.0000000,5653.6000000,5545.0000000,5549.0000000,491568
211013,000000,5560.0000000,5629.0000000,5524.6000000,5553.8000000,483838
211014,000000,5582.2000000,5619.0000000,5492.2000000,5518.0000000,578126
211015,000000,5535.0000000,5546.0000000,5400.2000000,5427.2000000,589950
211018,000000,5403.4000000,5489.2000000,5382.0000000,5488.8000000,349478
211019,000000,5495.0000000,5540.0000000,5431.0000000,5480.0000000,498543
211020,000000,5480.8000000,5526.0000000,5405.2000000,5420.2000000,414060
211021,000000,5415.8000000,5449.0000000,5370.0000000,5390.0000000,364841
211022,000000,5392.0000000,5434.8000000,5308.6000000,5325.8000000,444860
211025,000000,5340.6000000,5422.0000000,5319.0000000,5383.0000000,429465
211026,000000,5415.6000000,5432.0000000,5283.8000000,5309.6000000,440939
211027,000000,5315.0000000,5628.6000000,5241.4000000,5573.8000000,1334260
211028,000000,5558.0000000,5872.4000000,5542.0000000,5823.0000000,1468815
211029,000000,5808.0000000,5913.6000000,5742.0000000,5879.2000000,1104111
211101,000000,5868.8000000,5947.4000000,5767.0000000,5890.0000000,575423
211102,000000,5891.0000000,5974.0000000,5866.2000000,5942.4000000,434415
211103,000000,5939.6000000,6046.6000000,5880.2000000,6027.0000000,552118
211105,000000,6027.0000000,6145.0000000,5964.2000000,6120.0000000,794367
211108,000000,6148.0000000,6217.0000000,6080.0000000,6161.0000000,625313
211109,000000,6148.8000000,6188.0000000,5981.2000000,5990.4000000,474570
211110,000000,5991.0000000,6057.0000000,5847.0000000,5857.8000000,554560
211111,000000,5884.8000000,6024.8000000,5843.2000000,5966.6000000,457431
211112,000000,5967.0000000,6023.8000000,5835.6000000,5970.2000000,870653
211115,000000,5970.0000000,6045.6000000,5894.0000000,5928.4000000,498364
211116,000000,5926.8000000,5962.0000000,5875.8000000,5936.4000000,391602
211117,000000,5930.2000000,5957.6000000,5870.2000000,5931.6000000,317165
211118,000000,5925.0000000,5995.8000000,5894.4000000,5993.8000000,323139
211119,000000,6000.0000000,6150.0000000,5916.0000000,5968.8000000,668218
211122,000000,5982.6000000,6048.6000000,5339.8000000,5450.0000000,2336930
211123,000000,5430.0000000,5659.8000000,5372.0000000,5571.0000000,1531834
211124,000000,5593.6000000,5640.0000000,5435.0000000,5542.2000000,1007009
211125,000000,5565.0000000,5639.8000000,5526.2000000,5552.8000000,339351
211126,000000,5416.0000000,5530.2000000,5316.2000000,5380.0000000,1248733
211129,000000,5396.2000000,5529.0000000,5333.0000000,5407.0000000,1150358
211130,000000,5353.0000000,5510.0000000,5261.2000000,5359.4000000,1632445
211201,000000,5412.0000000,5458.6000000,5330.0000000,5330.8000000,616813
211202,000000,5338.4000000,5412.6000000,5185.0000000,5255.0000000,954482
211203,000000,5255.6000000,5283.0000000,5073.0000000,5100.6000000,880048
211206,000000,5115.0000000,5169.0000000,4905.0000000,5068.0000000,820348
211207,000000,5080.0000000,5178.0000000,4983.2000000,4992.0000000,978799
211208,000000,5016.0000000,5071.2000000,4775.0000000,4932.2000000,1047121
211209,000000,4940.0000000,5013.2000000,4825.0000000,4853.6000000,897646
211210,000000,4864.0000000,4887.0000000,4650.0000000,4664.0000000,1103320
211213,000000,4675.0000000,4728.8000000,4505.0000000,4560.0000000,1414380
211214,000000,4559.8000000,4675.0000000,4237.2000000,4586.4000000,1153004
211215,000000,4597.4000000,4619.0000000,4462.0000000,4511.6000000,826761
211216,000000,4526.0000000,4810.4000000,4505.6000000,4609.6000000,1817718
211217,000000,4610.0000000,4700.6000000,4541.0000000,4630.2000000,1105894
211220,000000,4598.0000000,4649.4000000,4471.2000000,4474.8000000,771984
211221,000000,4490.0000000,4603.6000000,4480.4000000,4578.8000000,629884
211222,000000,4621.0000000,4650.2000000,4488.0000000,4488.4000000,916480
211223,000000,4500.0000000,4539.6000000,4366.0000000,4410.6000000,801704
211224,000000,4425.6000000,4449.0000000,4325.8000000,4424.8000000,553474
211227,000000,4428.0000000,4500.0000000,4427.0000000,4467.8000000,597408
211228,000000,4475.0000000,4535.0000000,4457.6000000,4482.0000000,697962
211229,000000,4482.2000000,4528.6000000,4380.0000000,4418.8000000,887117
211230,000000,4426.6000000,4584.6000000,4409.6000000,4569.4000000,755485
220103,000000,4570.0000000,4631.8000000,4503.2000000,4515.2000000,848647
220104,000000,4525.8000000,4577.0000000,4413.0000000,4479.8000000,906790
220105,000000,4477.0000000,4477.0000000,4270.0000000,4275.0000000,990732
220106,000000,4275.0000000,4374.2000000,4206.2000000,4226.6000000,1177922
220110,000000,4194.0000000,4262.4000000,4061.4000000,4196.4000000,1491994
220111,000000,4217.2000000,4398.6000000,4177.8000000,4338.2000000,1677241
220112,000000,4355.0000000,4464.8000000,4330.0000000,4393.2000000,1487477
220113,000000,4393.0000000,4450.0000000,4150.0000000,4168.0000000,1978967
220114,000000,4175.2000000,4250.0000000,3726.0000000,3938.6000000,3328471
220117,000000,3953.2000000,4088.8000000,3875.0000000,4075.6000000,1906402
220118,000000,4084.6000000,4115.6000000,3739.0000000,3769.0000000,2665731
220119,000000,3770.2000000,3968.6000000,3570.0000000,3701.8000000,3633679
220120,000000,3705.0000000,3860.0000000,3665.0000000,3669.2000000,2675018
220121,000000,3650.8000000,3748.2000000,3475.2000000,3490.0000000,2983581
220124,000000,3495.0000000,3550.0000000,3094.8000000,3345.0000000,4851065
220125,000000,3325.2000000,3477.0000000,3225.0000000,3409.2000000,3461723
220126,000000,3424.0000000,3563.8000000,3314.4000000,3364.8000000,3250109
220127,000000,3320.0000000,3595.0000000,3276.0000000,3405.2000000,4035166
220128,000000,3421.0000000,3525.0000000,3371.6000000,3448.4000000,3395043
220131,000000,3487.0000000,3718.2000000,3456.0000000,3717.6000000,2663098
220201,000000,3715.0000000,3944.8000000,3662.8000000,3724.0000000,3344738
220202,000000,3749.0000000,3840.0000000,3640.0000000,3675.0000000,2710466
220203,000000,3629.8000000,3635.6000000,3483.4000000,3517.0000000,2413099
220204,000000,3575.0000000,3644.0000000,3460.6000000,3502.4000000,2120916
220207,000000,3511.4000000,3550.0000000,3422.8000000,3468.0000000,1247103
220208,000000,3477.8000000,3625.8000000,3452.8000000,3624.2000000,1924481
220209,000000,3640.0000000,3777.0000000,3633.6000000,3763.0000000,2115707
220210,000000,3760.0000000,3900.2000000,3651.8000000,3805.0000000,2899424
220211,000000,3789.4000000,3828.0000000,3400.0000000,3429.8000000,3928913
220214,000000,3428.2000000,3540.0000000,3306.8000000,3471.4000000,4795126
220215,000000,3518.4000000,3992.8000000,3497.4000000,3953.2000000,7828656
220216,000000,3981.0000000,4184.4000000,3893.0000000,4044.8000000,5892747
220217,000000,4044.0000000,4044.0000000,3737.2000000,3772.6000000,4475290
220218,000000,3800.0000000,3880.0000000,3457.0000000,3475.4000000,5000023
220221,000000,3465.0000000,3648.8000000,2845.0000000,3065.8000000,10649817
220222,000000,3027.4000000,3409.8000000,2900.0000000,3154.8000000,10240422
220224,000000,2954.0000000,2954.0000000,1700.0000000,1990.0000000,9011283
220225,000000,1949.8000000,2385.0000000,1900.0000000,1931.2000000,5757694
220329,000000,2010.0000000,2173.0000000,1932.0000000,2020.0000000,2573925
220330,000000,2100.2000000,2250.0000000,2025.0000000,2154.0000000,1740526
220331,000000,2220.2000000,2290.0000000,2155.0000000,2259.0000000,1676144
220401,000000,2299.4000000,2460.0000000,2280.0000000,2325.0000000,2138371
220404,000000,2370.2000000,2420.0000000,2201.0000000,2285.0000000,1768864
220405,000000,2299.0000000,2340.0000000,2020.0000000,2158.4000000,1723047
220406,000000,2109.0000000,2145.0000000,2025.0000000,2070.8000000,1395892
220407,000000,2072.0000000,2246.2000000,2071.0000000,2130.0000000,1406513
220408,000000,2172.0000000,2188.6000000,2075.0000000,2115.0000000,620413
220411,000000,2120.8000000,2160.0000000,2071.0000000,2097.0000000,428052
220412,000000,2099.8000000,2115.0000000,1980.8000000,2074.0000000,471934
220413,000000,2081.0000000,2115.0000000,2050.0000000,2088.0000000,243959
220414,000000,2087.0000000,2099.2000000,1943.0000000,1945.2000000,511030
220415,000000,1955.8000000,1996.0000000,1900.2000000,1979.6000000,342649
220418,000000,1997.2000000,2019.2000000,1871.2000000,1880.2000000,419550
220419,000000,1885.0000000,1910.6000000,1732.2000000,1857.6000000,784163
220420,000000,1870.0000000,1890.0000000,1782.4000000,1789.8000000,780645
220421,000000,1798.2000000,1808.6000000,1642.8000000,1646.0000000,969505
220422,000000,1668.6000000,1695.0000000,1532.0000000,1692.0000000,1132432
220425,000000,1692.4000000,1698.0000000,1520.0000000,1520.8000000,816131
220426,000000,1520.2000000,1628.0000000,1500.0000000,1600.8000000,979187
220427,000000,1619.0000000,1770.0000000,1587.0000000,1748.6000000,914538
220428,000000,1761.0000000,1928.6000000,1717.0000000,1721.0000000,1223911
220429,000000,1735.0000000,1817.6000000,1734.2000000,1766.6000000,394680
220504,000000,1792.2000000,1813.6000000,1684.2000000,1699.0000000,368114
220505,000000,1717.8000000,1751.8000000,1703.0000000,1734.4000000,187108
220506,000000,1730.0000000,1731.4000000,1655.0000000,1688.0000000,199869
220511,000000,1688.2000000,1728.6000000,1634.0000000,1677.4000000,255168
220512,000000,1670.4000000,1681.2000000,1543.6000000,1594.0000000,259497
220513,000000,1604.6000000,1624.6000000,1574.2000000,1593.0000000,120870
220516,000000,1618.0000000,1679.0000000,1562.0000000,1638.2000000,265490
220517,000000,1658.2000000,1707.0000000,1649.8000000,1701.0000000,204637
220518,000000,1708.0000000,1795.0000000,1701.8000000,1715.8000000,321392
220519,000000,1699.0000000,1713.0000000,1640.0000000,1705.0000000,203252
220520,000000,1721.8000000,1733.4000000,1600.0000000,1646.0000000,260762
220523,000000,1640.0000000,1673.8000000,1570.6000000,1592.8000000,199081
220524,000000,1590.2000000,1629.0000000,1530.2000000,1590.0000000,196650
220525,000000,1594.0000000,1636.0000000,1572.0000000,1608.0000000,187667
220526,000000,1617.8000000,1708.6000000,1608.0000000,1670.0000000,460793
220527,000000,1685.6000000,1705.0000000,1630.0000000,1644.0000000,220303
220530,000000,1652.6000000,1663.0000000,1592.2000000,1597.6000000,213919
220531,000000,1590.0000000,1602.0000000,1550.4000000,1567.8000000,151631
220601,000000,1567.0000000,1623.0000000,1559.0000000,1586.0000000,226402
220602,000000,1590.0000000,1607.6000000,1564.6000000,1592.0000000,203846
220603,000000,1591.0000000,1620.0000000,1366.4000000,1497.0000000,1367133
220606,000000,1504.6000000,1525.6000000,1385.0000000,1399.8000000,903197
220607,000000,1395.0000000,1442.6000000,1333.0000000,1438.0000000,759930
220608,000000,1450.0000000,1495.0000000,1441.4000000,1456.2000000,368870
220609,000000,1458.0000000,1461.2000000,1382.0000000,1401.4000000,379390
220610,000000,1390.0000000,1470.0000000,1350.0000000,1400.8000000,492575
220614,000000,1380.0000000,1429.2000000,1360.0000000,1386.0000000,323484
220615,000000,1390.6000000,1407.8000000,1380.2000000,1390.0000000,239546
220616,000000,1404.0000000,1457.0000000,1390.0000000,1456.2000000,473524
220617,000000,1460.4000000,1511.4000000,1433.4000000,1465.0000000,453160
220620,000000,1468.0000000,1566.0000000,1467.8000000,1560.8000000,569095
220621,000000,1574.0000000,1629.0000000,1531.2000000,1533.8000000,591291
220622,000000,1525.0000000,1600.0000000,1500.4000000,1600.0000000,331398
220623,000000,1603.6000000,1669.0000000,1581.0000000,1662.0000000,460065
220624,000000,1665.0000000,1680.0000000,1610.4000000,1645.0000000,245110
220627,000000,1660.0000000,1779.0000000,1645.2000000,1779.0000000,522537
220628,000000,1781.2000000,1781.2000000,1731.2000000,1750.0000000,394456
220629,000000,1748.0000000,1748.8000000,1666.2000000,1712.0000000,309255
220630,000000,1710.0000000,1730.0000000,1565.8000000,1603.8000000,489807
220701,000000,1595.2000000,1627.0000000,1552.0000000,1596.0000000,215038
220704,000000,1604.6000000,1688.0000000,1571.8000000,1660.0000000,316882
220705,000000,1679.8000000,1742.0000000,1660.0000000,1701.4000000,357880
220706,000000,1720.4000000,1748.0000000,1634.8000000,1655.0000000,400756
220707,000000,1660.2000000,1729.0000000,1660.2000000,1711.0000000,417994
220708,000000,1720.2000000,1739.4000000,1685.4000000,1704.0000000,261884
220711,000000,1706.0000000,1740.0000000,1660.0000000,1678.0000000,359813
220712,000000,1679.8000000,1680.6000000,1595.0000000,1660.6000000,409730
220713,000000,1660.6000000,1688.8000000,1586.0000000,1600.0000000,239032
220714,000000,1610.2000000,1669.0000000,1572.0000000,1613.6000000,304258
220715,000000,1626.0000000,1642.0000000,1602.6000000,1638.6000000,225685
220718,000000,1650.0000000,1719.6000000,1645.0000000,1696.0000000,436145
220719,000000,1699.8000000,1705.8000000,1645.0000000,1672.4000000,313716
220720,000000,1680.0000000,1748.0000000,1670.4000000,1715.4000000,438717
220721,000000,1720.6000000,1733.8000000,1658.6000000,1701.0000000,216408
220722,000000,1708.0000000,1804.0000000,1706.2000000,1800.0000000,606519
220725,000000,1827.0000000,1978.8000000,1810.0000000,1973.0000000,1198889
220726,000000,1994.0000000,2170.0000000,1975.2000000,2136.0000000,2860775
220727,000000,2149.0000000,2150.0000000,2020.0000000,2072.0000000,1808534
220728,000000,2085.0000000,2109.0000000,2038.0000000,2063.0000000,569081
220729,000000,2055.0000000,2078.0000000,1950.0000000,1952.0000000,1286947
220801,000000,1948.0000000,1973.0000000,1852.2000000,1926.2000000,979741
220802,000000,1922.8000000,1948.0000000,1860.2000000,1891.2000000,642364
220803,000000,1898.0000000,1986.2000000,1895.0000000,1956.0000000,709763
220804,000000,1985.0000000,2032.0000000,1975.0000000,2000.0000000,704153
220805,000000,2030.4000000,2030.4000000,1811.2000000,1837.0000000,1358695
220808,000000,1984.0000000,1985.6000000,1893.0000000,1933.0000000,896927
220809,000000,1935.0000000,1949.0000000,1887.6000000,1944.4000000,428532
220810,000000,1944.4000000,1989.0000000,1930.2000000,1971.8000000,392508
220811,000000,1981.0000000,2014.4000000,1901.0000000,1915.6000000,570623
220812,000000,1915.0000000,1948.8000000,1888.8000000,1903.0000000,507510
220815,000000,1908.8000000,1933.0000000,1872.2000000,1904.0000000,349933
220816,000000,1917.6000000,1940.8000000,1901.0000000,1935.0000000,226498
220817,000000,1940.0000000,1979.2000000,1930.2000000,1958.0000000,316563
220818,000000,1962.0000000,1975.0000000,1943.0000000,1966.0000000,207864
220819,000000,1964.0000000,1965.0000000,1920.0000000,1936.6000000,191253
220822,000000,1936.6000000,2022.0000000,1920.4000000,2006.0000000,578456
220823,000000,2011.8000000,2089.0000000,2011.0000000,2082.2000000,756212
220824,000000,2095.0000000,2123.0000000,2070.0000000,2085.2000000,535171
220825,000000,2086.0000000,2120.0000000,2085.0000000,2118.8000000,424759
220826,000000,2120.0000000,2130.0000000,2089.4000000,2100.0000000,309737
220829,000000,2100.0000000,2112.0000000,2081.8000000,2105.0000000,281092
220830,000000,2107.6000000,2205.0000000,2096.0000000,2190.0000000,1021768
220831,000000,2199.0000000,2236.0000000,2111.2000000,2170.6000000,692807
220901,000000,2180.0000000,2195.4000000,2150.4000000,2178.0000000,300430
220902,000000,2177.6000000,2180.0000000,2116.0000000,2150.0000000,423558
220905,000000,2155.0000000,2160.0000000,2121.6000000,2155.0000000,210953
220906,000000,2156.6000000,2183.0000000,2007.2000000,2070.0000000,856283
220907,000000,2071.0000000,2105.6000000,2034.0000000,2076.0000000,385611
220908,000000,2076.0000000,2095.0000000,2036.0000000,2064.0000000,303647
220909,000000,2071.2000000,2095.0000000,2042.0000000,2093.0000000,243031
220912,000000,2089.8000000,2181.6000000,2078.0000000,2148.6000000,797013
220913,000000,2160.0000000,2206.6000000,2142.4000000,2191.4000000,786628
220914,000000,2192.8000000,2192.8000000,2109.4000000,2167.4000000,521919
220915,000000,2166.0000000,2195.0000000,2151.2000000,2177.6000000,421177
220916,000000,2180.0000000,2238.0000000,2175.0000000,2206.0000000,780976
220919,000000,2207.0000000,2250.0000000,2198.0000000,2230.0000000,513110
220920,000000,2238.6000000,2254.0000000,1890.0000000,2010.0000000,3596874
220921,000000,1782.2000000,1978.0000000,1688.6000000,1899.4000000,2208774
220922,000000,1902.6000000,1969.8000000,1892.4000000,1916.8000000,976973
220923,000000,1922.8000000,1923.0000000,1750.0000000,1791.8000000,1516226
220926,000000,1752.0000000,1762.0000000,1505.0000000,1543.0000000,2233701
220927,000000,1580.0000000,1715.0000000,1575.0000000,1713.2000000,1710834
220928,000000,1713.2000000,1796.0000000,1669.2000000,1780.0000000,1811098
220929,000000,1803.6000000,1880.0000000,1756.0000000,1840.6000000,1819649
220930,000000,1840.0000000,1940.0000000,1801.2000000,1877.6000000,2255911
221003,000000,1877.8000000,1959.6000000,1868.0000000,1959.0000000,935982
221004,000000,1968.0000000,2004.0000000,1901.0000000,1985.0000000,1244927
221005,000000,1988.6000000,2059.4000000,1940.4000000,2029.8000000,1989674
221006,000000,2043.6000000,2056.0000000,1977.0000000,2004.4000000,892275
221007,000000,1993.0000000,1995.4000000,1913.0000000,1930.2000000,931770
221010,000000,1810.2000000,1999.8000000,1810.0000000,1998.0000000,1415111
221011,000000,2003.0000000,2037.8000000,1986.0000000,2006.6000000,848118
221012,000000,2018.2000000,2058.8000000,1986.0000000,2044.0000000,837060
221013,000000,2044.2000000,2089.0000000,2005.6000000,2032.0000000,1076310
221014,000000,2035.2000000,2052.0000000,1967.2000000,1991.0000000,867035
221017,000000,1998.8000000,2024.6000000,1983.6000000,2022.2000000,474896
221018,000000,2034.4000000,2045.0000000,1953.4000000,1968.0000000,609477
221019,000000,1969.2000000,1995.0000000,1871.6000000,1927.4000000,1426467
221020,000000,1933.6000000,1955.2000000,1907.0000000,1928.8000000,539142
221021,000000,1929.2000000,1982.4000000,1910.8000000,1976.0000000,446510
221024,000000,1983.6000000,2012.0000000,1950.8000000,1973.4000000,351982
221025,000000,1977.0000000,2026.8000000,1957.0000000,2020.2000000,471649
221026,000000,2029.6000000,2036.8000000,1984.8000000,2008.0000000,462700
221027,000000,2018.2000000,2038.6000000,2002.6000000,2021.0000000,414126
221028,000000,2011.4000000,2026.8000000,1962.8000000,2021.8000000,472134
221031,000000,2029.8000000,2109.0000000,2025.0000000,2109.0000000,803901
221101,000000,2118.8000000,2160.0000000,2097.0000000,2157.0000000,747789
221102,000000,2160.0000000,2165.0000000,2055.0000000,2110.0000000,574029
221103,000000,2110.2000000,2134.0000000,2080.0000000,2119.0000000,802545
221107,000000,2145.8000000,2162.0000000,2130.0000000,2151.6000000,573914
221108,000000,2154.8000000,2165.0000000,2111.2000000,2127.6000000,343905
221109,000000,2128.0000000,2128.6000000,2035.4000000,2060.4000000,606343
221110,000000,2064.6000000,2129.0000000,2040.0000000,2111.6000000,491571
221111,000000,2119.4000000,2139.6000000,2111.8000000,2122.2000000,328278
221114,000000,2126.4000000,2150.0000000,2102.6000000,2132.4000000,317835
221115,000000,2140.0000000,2184.0000000,1950.0000000,2071.6000000,1055573
221116,000000,2090.0000000,2124.0000000,2066.0000000,2114.2000000,325735
221117,000000,2115.2000000,2128.6000000,2081.2000000,2097.8000000,184839
221118,000000,2097.0000000,2110.4000000,2065.0000000,2098.2000000,231699
221121,000000,2091.0000000,2102.4000000,2038.0000000,2068.0000000,378347
221122,000000,2067.0000000,2095.2000000,2050.0000000,2083.8000000,202290
221123,000000,2085.8000000,2159.4000000,2061.0000000,2135.0000000,669003
221124,000000,2151.0000000,2154.6000000,2108.4000000,2130.0000000,345805
221125,000000,2120.0000000,2153.0000000,2006.0000000,2020.4000000,1924598
221128,000000,1994.8000000,1995.6000000,1885.8000000,1914.2000000,2241618
221129,000000,1918.8000000,1992.0000000,1916.4000000,1986.2000000,1182505
221130,000000,1988.2000000,2014.6000000,1954.8000000,1996.6000000,762512
221201,000000,1999.8000000,2003.6000000,1960.0000000,1980.2000000,411776
221202,000000,1980.0000000,1980.2000000,1957.2000000,1971.2000000,268044
221205,000000,1969.0000000,2004.4000000,1968.2000000,1985.8000000,600269
221206,000000,1988.6000000,2000.0000000,1961.6000000,1989.4000000,367212
221207,000000,1989.4000000,1989.8000000,1962.0000000,1976.4000000,218390
221208,000000,1976.8000000,1984.8000000,1940.8000000,1958.4000000,312388
221209,000000,1955.6000000,1963.0000000,1933.0000000,1949.4000000,193187
221212,000000,1950.0000000,1959.6000000,1910.0000000,1921.8000000,279073
221213,000000,1925.0000000,1927.0000000,1881.0000000,1899.2000000,489237
221214,000000,1899.2000000,1899.8000000,1826.4000000,1851.0000000,749148
221215,000000,1850.0000000,1883.0000000,1823.6000000,1849.6000000,567164
221216,000000,1851.2000000,1862.2000000,1830.8000000,1836.4000000,255675
221219,000000,1830.0000000,1834.8000000,1762.4000000,1768.8000000,582864
221220,000000,1765.0000000,1845.0000000,1764.6000000,1842.0000000,507271
221221,000000,1856.4000000,1878.0000000,1791.2000000,1833.8000000,521557
221222,000000,1837.0000000,1865.0000000,1810.0000000,1847.0000000,424790
221223,000000,1846.6000000,1847.0000000,1811.0000000,1821.2000000,400956
221226,000000,1826.4000000,1829.8000000,1793.0000000,1811.4000000,393506
221227,000000,1817.4000000,1849.6000000,1797.2000000,1834.0000000,356130
221228,000000,1835.2000000,1846.0000000,1811.0000000,1815.8000000,347826
221229,000000,1817.0000000,1828.2000000,1806.2000000,1819.6000000,233511
221230,000000,1812.2000000,1823.0000000,1791.0000000,1817.8000000,370215
230103,000000,1817.2000000,1839.0000000,1805.8000000,1832.0000000,209699
230104,000000,1834.0000000,1877.0000000,1827.2000000,1867.0000000,221737
230105,000000,1871.6000000,1886.8000000,1841.2000000,1855.4000000,156597
230106,000000,1856.2000000,1864.4000000,1845.0000000,1850.4000000,74490
230109,000000,1857.2000000,1874.2000000,1850.0000000,1866.8000000,216289
230110,000000,1869.0000000,1873.8000000,1855.0000000,1870.0000000,195392
230111,000000,1874.8000000,1909.6000000,1873.0000000,1909.0000000,306673
230112,000000,1909.0000000,1914.8000000,1886.8000000,1897.8000000,202326
230113,000000,1898.0000000,1914.6000000,1883.4000000,1912.0000000,208163
230116,000000,1925.6000000,1955.0000000,1923.0000000,1953.8000000,313669
230117,000000,1956.4000000,1958.4000000,1869.8000000,1889.6000000,533009
230118,000000,1889.0000000,1931.8000000,1872.8000000,1906.6000000,407744
230119,000000,1910.2000000,1914.0000000,1873.2000000,1882.4000000,195959
230120,000000,1877.8000000,1913.8000000,1871.2000000,1904.8000000,307976
230123,000000,1909.4000000,1948.0000000,1903.2000000,1945.0000000,338606
230124,000000,1949.4000000,1959.8000000,1912.2000000,1919.8000000,422587
230125,000000,1920.2000000,1927.6000000,1897.2000000,1914.8000000,236938
230126,000000,1910.0000000,1924.8000000,1885.0000000,1902.8000000,249891
230127,000000,1902.0000000,1916.0000000,1897.6000000,1912.0000000,154186
230130,000000,1912.0000000,1938.6000000,1912.0000000,1934.0000000,188721
230131,000000,1938.6000000,2047.4000000,1934.0000000,2047.2000000,1186473
230201,000000,2051.0000000,2128.0000000,2036.2000000,2088.0000000,1729949
230202,000000,2098.6000000,2102.6000000,2055.0000000,2075.0000000,418666
230203,000000,2074.4000000,2074.4000000,2025.0000000,2055.8000000,537014
230206,000000,2070.0000000,2108.0000000,2070.0000000,2094.6000000,763152
230207,000000,2090.0000000,2104.2000000,2061.0000000,2076.6000000,441443
230208,000000,2080.0000000,2080.0000000,2036.0000000,2060.2000000,421100
230209,000000,2057.2000000,2058.6000000,2032.0000000,2040.4000000,245384
230210,000000,2046.2000000,2065.2000000,2032.8000000,2060.8000000,321474
230213,000000,2071.4000000,2092.4000000,2057.8000000,2065.2000000,397668
230214,000000,2064.6000000,2065.0000000,1994.0000000,2028.6000000,795370
230215,000000,2030.4000000,2048.0000000,1921.6000000,1969.2000000,1833428
230216,000000,1981.0000000,2023.0000000,1958.0000000,1976.4000000,624540
230217,000000,1975.0000000,1987.8000000,1956.0000000,1971.0000000,331242
230220,000000,1968.0000000,1968.0000000,1913.0000000,1958.0000000,448046
230221,000000,1969.8000000,2034.8000000,1960.0000000,1993.8000000,820897
230222,000000,1998.4000000,1999.6000000,1969.8000000,1980.4000000,242025
230224,000000,1986.4000000,1998.2000000,1980.4000000,1986.6000000,142949
230227,000000,1949.0000000,2025.0000000,1930.2000000,2007.4000000,666089
230228,000000,2014.8000000,2036.0000000,2010.0000000,2015.0000000,352946
230301,000000,2019.8000000,2040.0000000,2015.0000000,2033.8000000,342963
230302,000000,2037.8000000,2037.8000000,1955.2000000,1970.8000000,1220219
230303,000000,1970.6000000,1991.2000000,1932.4000000,1984.2000000,355224
230306,000000,1996.8000000,1999.2000000,1964.0000000,1973.0000000,588584
230307,000000,1974.8000000,1978.6000000,1956.2000000,1961.8000000,337990
230309,000000,1963.4000000,1970.4000000,1935.4000000,1942.0000000,464950
230310,000000,1933.8000000,1940.0000000,1911.0000000,1917.0000000,477838
230313,000000,1919.6000000,1939.6000000,1880.4000000,1907.4000000,679374
230314,000000,1912.2000000,1913.8000000,1886.0000000,1901.2000000,382695
230315,000000,1906.8000000,1910.8000000,1860.0000000,1864.2000000,543086
230316,000000,1856.4000000,1882.0000000,1812.0000000,1851.0000000,1259109
230317,000000,1859.6000000,1899.2000000,1847.2000000,1898.0000000,672443
230320,000000,1900.0000000,1915.0000000,1881.0000000,1910.0000000,664723
230321,000000,1915.0000000,1920.0000000,1866.0000000,1887.6000000,463924
230322,000000,1885.0000000,1903.4000000,1866.6000000,1887.8000000,368458
230323,000000,1887.8000000,1907.6000000,1885.2000000,1902.0000000,263327
230324,000000,1902.8000000,1909.0000000,1880.0000000,1886.4000000,183485
230327,000000,1889.8000000,1920.0000000,1889.8000000,1919.6000000,370357
230328,000000,1923.4000000,1947.0000000,1920.8000000,1929.6000000,352927
230329,000000,1932.8000000,1936.8000000,1907.0000000,1919.6000000,271441
230330,000000,1919.6000000,1926.4000000,1911.0000000,1917.4000000,229580
230331,000000,1921.0000000,1921.4000000,1888.4000000,1901.6000000,304340
230403,000000,1910.0000000,1919.0000000,1902.6000000,1913.0000000,225021
230404,000000,1916.8000000,1925.0000000,1896.4000000,1905.0000000,345392
230405,000000,1905.0000000,1909.0000000,1892.0000000,1907.2000000,201662
230406,000000,1907.2000000,1934.0000000,1906.2000000,1912.8000000,421606
230407,000000,1918.2000000,1925.0000000,1910.4000000,1919.8000000,196181
230410,000000,1924.6000000,1998.2000000,1922.2000000,1993.0000000,1385988
230411,000000,1998.0000000,2019.0000000,1927.8000000,1952.2000000,1079024
230412,000000,1963.0000000,1969.8000000,1935.2000000,1953.6000000,308677
230413,000000,1958.4000000,1966.8000000,1942.0000000,1954.0000000,243595
230414,000000,1957.4000000,1959.6000000,1940.0000000,1945.0000000,177435
230417,000000,1954.8000000,1980.0000000,1948.0000000,1964.8000000,334304
230418,000000,1970.2000000,1985.0000000,1953.0000000,1981.4000000,422683
230419,000000,1983.0000000,2028.2000000,1962.0000000,1989.6000000,1005697
230420,000000,1998.4000000,2100.0000000,1963.2000000,2098.6000000,1934542
230421,000000,2106.6000000,2128.6000000,2062.0000000,2086.8000000,1228499
230424,000000,2088.2000000,2108.2000000,2065.8000000,2080.0000000,504264
230425,000000,2086.4000000,2088.2000000,2044.0000000,2059.4000000,408219
230426,000000,2064.0000000,2125.0000000,2059.6000000,2113.0000000,1088025
230427,000000,2123.2000000,2159.0000000,2082.0000000,2101.6000000,1688385
230428,000000,2103.0000000,2108.0000000,2050.2000000,2070.6000000,624462
230502,000000,2075.0000000,2099.0000000,1980.0000000,2015.0000000,1005583
230503,000000,2020.2000000,2021.6000000,1922.2000000,1930.4000000,1078287
230504,000000,1935.0000000,1992.4000000,1930.2000000,1979.6000000,709407
230505,000000,1979.0000000,1988.2000000,1946.2000000,1948.0000000,425180
230508,000000,1949.6000000,1969.0000000,1930.4000000,1943.0000000,165104
230510,000000,1950.2000000,2012.0000000,1945.8000000,2008.8000000,656703
230511,000000,2025.0000000,2052.0000000,1961.0000000,2007.2000000,1232151
230512,000000,2000.0000000,2017.0000000,1991.0000000,2012.0000000,351201
230515,000000,2019.0000000,2050.0000000,2013.2000000,2049.6000000,412179
230516,000000,2056.6000000,2063.6000000,2022.0000000,2045.6000000,368067
230517,000000,2047.4000000,2077.8000000,2028.0000000,2058.0000000,452798
230518,000000,2065.2000000,2072.8000000,2026.0000000,2032.8000000,442803
230519,000000,2033.0000000,2285.4000000,2020.0000000,2223.2000000,6556578
230522,000000,2300.2000000,2371.4000000,2235.0000000,2300.0000000,3706710
230523,000000,2315.6000000,2330.0000000,2212.2000000,2242.8000000,1419528
230524,000000,2244.0000000,2256.4000000,2172.2000000,2220.0000000,1035691
230525,000000,2223.0000000,2350.0000000,2165.6000000,2350.0000000,3407501
230526,000000,2355.0000000,2357.6000000,2294.2000000,2322.0000000,1086132
230529,000000,2334.8000000,2410.0000000,2295.6000000,2390.0000000,1486072
230530,000000,2314.8000000,2385.0000000,2263.0000000,2303.6000000,1688009
230531,000000,2298.6000000,2353.0000000,2244.2000000,2324.2000000,1036049
230601,000000,2328.0000000,2356.0000000,2294.8000000,2313.4000000,658567
230602,000000,2324.0000000,2348.0000000,2292.2000000,2343.6000000,556883
230605,000000,2340.0000000,2383.2000000,2282.0000000,2305.8000000,928435
230606,000000,2293.6000000,2334.6000000,2260.2000000,2323.2000000,679461
230607,000000,2324.0000000,2430.0000000,2310.6000000,2425.4000000,1489138
230608,000000,2427.2000000,2523.0000000,2426.0000000,2520.0000000,2586239
230609,000000,2532.4000000,2557.0000000,2481.0000000,2506.6000000,1358360
230613,000000,2506.4000000,2568.0000000,2470.0000000,2566.8000000,944727
230614,000000,2571.6000000,2655.0000000,2550.4000000,2620.0000000,1534499
230615,000000,2637.2000000,2649.0000000,2557.0000000,2600.0000000,1329104
230616,000000,2608.0000000,2615.0000000,2500.8000000,2547.0000000,2370797
230619,000000,2546.8000000,2555.6000000,2475.0000000,2510.4000000,1029648
230620,000000,2504.0000000,2560.0000000,2461.0000000,2510.6000000,833029
230621,000000,2515.0000000,2542.0000000,2490.8000000,2529.6000000,508468
230622,000000,2529.0000000,2537.2000000,2474.0000000,2492.6000000,462510
230623,000000,2482.4000000,2487.6000000,2372.0000000,2393.4000000,1870074
230626,000000,2415.2000000,2448.0000000,2294.0000000,2379.0000000,1918491
230627,000000,2398.0000000,2443.8000000,2351.8000000,2431.4000000,960518
230628,000000,2437.8000000,2472.0000000,2420.2000000,2462.0000000,879220
230629,000000,2475.6000000,2497.0000000,2458.2000000,2468.6000000,493741
230630,000000,2473.4000000,2487.4000000,2420.6000000,2439.6000000,395416
230703,000000,2455.2000000,2457.0000000,2381.0000000,2402.8000000,682277
230704,000000,2405.0000000,2416.0000000,2296.0000000,2366.0000000,788339
230705,000000,2380.0000000,2421.0000000,2370.0000000,2403.6000000,478324
230706,000000,2405.8000000,2427.8000000,2370.0000000,2390.2000000,492431
230707,000000,2389.6000000,2390.0000000,2337.0000000,2365.6000000,712980
230710,000000,2371.0000000,2408.0000000,2355.0000000,2407.6000000,762839
230711,000000,2409.0000000,2463.2000000,2404.2000000,2462.0000000,775599
230712,000000,2471.2000000,2477.6000000,2420.4000000,2445.0000000,640511
230713,000000,2454.2000000,2479.0000000,2425.6000000,2464.6000000,672972
230714,000000,2464.4000000,2557.6000000,2450.0000000,2555.0000000,1748439
230717,000000,2515.0000000,2580.6000000,2491.0000000,2538.4000000,1383298
230718,000000,2538.4000000,2600.0000000,2536.0000000,2590.0000000,1107819
230719,000000,2591.0000000,2609.0000000,2550.8000000,2571.6000000,950394
230720,000000,2571.6000000,2578.6000000,2481.0000000,2492.2000000,1177511
230721,000000,2493.2000000,2537.6000000,2492.6000000,2532.0000000,671540
230724,000000,2542.2000000,2633.8000000,2537.0000000,2630.0000000,1380687
230725,000000,2640.0000000,2662.0000000,2611.2000000,2642.6000000,1325161
230726,000000,2642.4000000,2666.4000000,2611.6000000,2655.2000000,1112951
230727,000000,2665.0000000,2685.0000000,2616.0000000,2630.0000000,1775094
230728,000000,2630.0000000,2642.0000000,2613.0000000,2636.0000000,766960
230731,000000,2641.6000000,2652.8000000,2605.0000000,2635.0000000,1013540
230801,000000,2635.0000000,2717.2000000,2612.8000000,2670.0000000,1678138
230802,000000,2670.0000000,2727.0000000,2666.2000000,2709.4000000,1646149
230803,000000,2709.4000000,2785.0000000,2695.0000000,2780.0000000,1252199
230804,000000,2785.4000000,2872.0000000,2657.4000000,2731.0000000,3358650
230807,000000,2750.0000000,2795.6000000,2662.4000000,2709.0000000,1186646
230808,000000,2700.0000000,2730.0000000,2627.2000000,2728.6000000,1044187
230809,000000,2732.4000000,2748.0000000,2694.4000000,2723.2000000,665737
230810,000000,2730.0000000,2765.0000000,2661.8000000,2718.0000000,2097956
230811,000000,2718.6000000,2729.0000000,2685.2000000,2704.2000000,627924
230814,000000,2712.4000000,2732.0000000,2605.0000000,2610.0000000,1372331
230815,000000,2599.0000000,2695.6000000,2540.0000000,2615.8000000,1099599
230816,000000,2628.0000000,2645.0000000,2450.2000000,2570.6000000,1585902
230817,000000,2597.0000000,2623.0000000,2528.0000000,2581.6000000,1104944
230818,000000,2582.0000000,2609.0000000,2537.8000000,2602.2000000,817147
230821,000000,2613.6000000,2674.4000000,2582.0000000,2662.4000000,962993
230822,000000,2672.0000000,2718.4000000,2650.0000000,2710.8000000,1031561
230823,000000,2714.6000000,2720.0000000,2589.6000000,2604.0000000,1281738
230824,000000,2626.0000000,2660.4000000,2619.6000000,2648.4000000,463352
230825,000000,2649.2000000,2669.8000000,2630.4000000,2648.6000000,415630
230828,000000,2654.4000000,2685.0000000,2652.0000000,2670.0000000,562574
230829,000000,2666.8000000,2710.0000000,2666.0000000,2698.8000000,800205
230830,000000,2691.4000000,2708.0000000,2654.6000000,2668.2000000,571060
230831,000000,2668.2000000,2694.0000000,2641.8000000,2689.0000000,599432
230901,000000,2690.0000000,2700.0000000,2670.0000000,2690.2000000,417718
230904,000000,2690.0000000,2756.0000000,2688.8000000,2744.0000000,1159692
230905,000000,2744.2000000,2754.8000000,2711.2000000,2726.6000000,587474
230906,000000,2730.0000000,2733.0000000,2653.0000000,2664.6000000,947759
230907,000000,2666.6000000,2673.4000000,2555.2000000,2585.6000000,1561701
230908,000000,2586.0000000,2609.0000000,2526.2000000,2547.6000000,863051
230911,000000,2567.0000000,2584.8000000,2470.0000000,2488.8000000,1191720
230912,000000,2497.0000000,2598.0000000,2497.0000000,2579.2000000,1052387
230913,000000,2582.0000000,2633.0000000,2535.6000000,2550.8000000,1043252
230914,000000,2553.0000000,2561.2000000,2450.2000000,2508.8000000,1126757
230915,000000,2499.0000000,2588.0000000,2485.0000000,2568.0000000,628855
230918,000000,2593.0000000,2620.0000000,2508.8000000,2518.0000000,817317
230919,000000,2521.0000000,2527.0000000,2422.2000000,2442.2000000,1283391
230920,000000,2456.8000000,2460.0000000,2358.0000000,2418.0000000,1494661
230921,000000,2407.8000000,2419.0000000,2350.8000000,2355.4000000,1152180
230922,000000,2355.4000000,2435.0000000,2323.2000000,2410.2000000,984738
230925,000000,2425.0000000,2425.0000000,2369.6000000,2391.0000000,542586
230926,000000,2390.6000000,2411.8000000,2352.8000000,2391.0000000,707215
230927,000000,2405.0000000,2466.0000000,2390.4000000,2453.8000000,995801
230928,000000,2455.0000000,2475.2000000,2422.8000000,2439.4000000,834660
230929,000000,2447.8000000,2449.4000000,2392.0000000,2402.2000000,897964
231002,000000,2415.8000000,2434.0000000,2377.6000000,2395.8000000,760461
231003,000000,2390.2000000,2414.4000000,2367.2000000,2386.8000000,657291
231004,000000,2383.4000000,2410.0000000,2373.2000000,2379.6000000,717879
231005,000000,2388.0000000,2483.6000000,2360.2000000,2480.0000000,2258122
231006,000000,2490.6000000,2516.8000000,2468.0000000,2482.2000000,1526500
231009,000000,2484.0000000,2498.8000000,2470.0000000,2477.4000000,509121
231010,000000,2477.6000000,2507.8000000,2454.2000000,2485.2000000,830630
231011,000000,2490.0000000,2500.0000000,2420.0000000,2444.0000000,644806
231012,000000,2435.0000000,2472.0000000,2421.0000000,2465.0000000,517913
231013,000000,2470.0000000,2534.0000000,2466.0000000,2512.6000000,1235619
231016,000000,2527.8000000,2552.0000000,2520.8000000,2530.0000000,673061
231017,000000,2527.0000000,2540.6000000,2509.6000000,2527.4000000,535882
231018,000000,2522.2000000,2539.0000000,2511.8000000,2527.2000000,541004
231019,000000,2521.4000000,2675.4000000,2517.0000000,2660.6000000,3276711
231020,000000,2668.8000000,2700.0000000,2611.0000000,2679.4000000,1959038
231023,000000,2690.0000000,2717.4000000,2656.8000000,2677.2000000,976479
231024,000000,2674.0000000,2730.0000000,2632.4000000,2725.2000000,1224647
231025,000000,2726.2000000,2750.0000000,2700.0000000,2737.0000000,1013175
231026,000000,2760.0000000,2772.4000000,2675.0000000,2682.4000000,1741065
231027,000000,2684.8000000,2736.0000000,2620.0000000,2666.6000000,2311934
231030,000000,2666.8000000,2677.0000000,2600.2000000,2603.6000000,816858
231031,000000,2595.0000000,2640.0000000,2557.0000000,2612.0000000,1049562
231101,000000,2611.6000000,2672.2000000,2600.0000000,2639.8000000,817839
231102,000000,2643.6000000,2665.0000000,2603.0000000,2625.6000000,642643
231103,000000,2633.6000000,2638.2000000,2594.2000000,2613.0000000,542501
231106,000000,2612.0000000,2653.2000000,2606.2000000,2638.0000000,299894
231107,000000,2638.2000000,2645.0000000,2616.6000000,2633.2000000,306527
231108,000000,2638.0000000,2661.8000000,2605.0000000,2614.8000000,595674
231109,000000,2616.8000000,2623.4000000,2582.6000000,2611.6000000,583654
231110,000000,2619.0000000,2620.0000000,2587.8000000,2598.8000000,346142
231113,000000,2598.0000000,2599.8000000,2568.6000000,2577.2000000,470501
231114,000000,2571.6000000,2677.8000000,2531.6000000,2600.0000000,2304984
231115,000000,2592.2000000,2651.8000000,2590.0000000,2620.0000000,879855
231116,000000,2620.0000000,2631.2000000,2564.6000000,2569.0000000,1161809
231117,000000,2569.0000000,2593.6000000,2546.0000000,2572.0000000,478139
231120,000000,2573.0000000,2589.2000000,2557.0000000,2573.4000000,572912
231121,000000,2570.0000000,2587.8000000,2563.0000000,2572.6000000,340917
231122,000000,2578.0000000,2599.0000000,2568.0000000,2573.4000000,486196
231123,000000,2583.0000000,2598.0000000,2540.0000000,2559.2000000,583121
231124,000000,2569.6000000,2616.4000000,2560.0000000,2594.6000000,1005631
231127,000000,2593.4000000,2659.4000000,2587.0000000,2593.2000000,1903884
231128,000000,2599.2000000,2628.0000000,2591.0000000,2602.6000000,808923
231129,000000,2602.2000000,2628.8000000,2563.6000000,2574.0000000,902549
231130,000000,2576.0000000,2603.8000000,2501.0000000,2523.4000000,1097112
231201,000000,2526.4000000,2548.0000000,2410.0000000,2420.6000000,1683423
231204,000000,2420.0000000,2436.8000000,2365.6000000,2397.8000000,1239252
231205,000000,2419.6000000,2433.0000000,2385.0000000,2418.6000000,643260
231206,000000,2420.2000000,2428.8000000,2301.0000000,2320.6000000,1297177
231207,000000,2326.6000000,2367.6000000,2296.2000000,2349.8000000,1011069
231208,000000,2365.0000000,2385.0000000,2335.2000000,2337.6000000,695479
231211,000000,2339.0000000,2343.8000000,2191.4000000,2207.6000000,2085576
231212,000000,2219.8000000,2284.4000000,2201.0000000,2257.0000000,1883367
231213,000000,2243.0000000,2288.0000000,2230.2000000,2266.8000000,1087960
231214,000000,2271.0000000,2275.6000000,2140.0000000,2157.6000000,1559511
231215,000000,2162.0000000,2244.0000000,2116.2000000,2224.4000000,2086655
231218,000000,2228.0000000,2271.0000000,2217.4000000,2250.4000000,1389454
231219,000000,2250.2000000,2274.0000000,2231.8000000,2242.2000000,898147
231220,000000,2245.6000000,2318.8000000,2242.6000000,2288.8000000,2252431
231221,000000,2278.8000000,2286.8000000,2245.2000000,2267.2000000,942834
231222,000000,2267.0000000,2303.8000000,2266.2000000,2295.8000000,802124
231225,000000,2300.6000000,2455.8000000,2297.0000000,2396.6000000,4164074
231226,000000,2398.8000000,2439.8000000,2361.0000000,2427.6000000,1543722
231227,000000,2428.0000000,2574.6000000,2428.0000000,2550.0000000,2789178
231228,000000,2594.0000000,2610.0000000,2520.0000000,2531.2000000,2089692
231229,000000,2537.6000000,2566.0000000,2505.6000000,2540.0000000,859639
